Pregnancies,Glucose,BloodPressure,SkinThickness,Insulin,BMI,DiabetesPedigreeFunction,Age
-0.8513550738681201,-1.057530104243684,-0.8279729328200321,-1.9230952822482539,-1.4019459256518065,-0.6076784605515674,0.31079384041548314,-0.7921692833892792
0.3565756375241982,0.14339202245122876,0.47653222307326426,-0.23479450565677804,-1.6717151304260853,-0.3021390244014409,-0.11643850592424994,0.5610338186827566
-0.5493723960200406,-0.5571458847874703,-1.1540992217933561,1.228399500722501,-0.746792142628558,0.37259389709675395,-0.7648620670356181,-0.707594089509777
-0.8513550738681201,0.8105709817261803,-1.3171623662800183,0.007580159128073443,0.04386572729847368,-0.2894082145618526,0.26231357416416584,-0.369293313991768
-1.1533377517161998,-0.890735364424946,-0.6649097883333701,1.1158461156164026,-0.6054844639372692,1.6074824515368475,-0.33762972069588487,-0.9613196711482836
0.3565756375241982,2.245005744167326,-0.6649097883333701,0.4405258049798123,2.2206691098885085,-0.09844606696802376,0.3198838903376051,-0.369293313991768
-1.1533377517161998,0.5436993980161996,-0.9910360773066942,0.6656325751920091,0.1909769977772682,0.33440146757798855,0.17141307494294628,-1.045894865027786
0.9605409932203574,1.8780573165661025,0.9657216565332504,0.007580159128073443,0.04386572729847368,1.0091343890761835,-0.4436803031206413,0.6456090125622588
-0.5493723960200406,-1.057530104243684,-0.9910360773066942,0.007580159128073443,0.04386572729847368,-1.078718424616345,-0.8678826328196672,-0.707594089509777
0.6585583153722777,-0.9908122083161888,1.6179742344798986,0.007580159128073443,0.04386572729847368,-1.5370275788415344,-0.8769726827417892,-0.45386850787127025
0.3565756375241982,-1.2243248440624217,0.15040593409994016,-0.79756143118727,0.04386572729847368,-0.37852388343897264,2.2621245570310022,-0.1155677323532613
0.6585583153722777,-1.3911195838811596,0.6395953675599263,0.7781859602981075,0.04386572729847368,0.9964035792365947,-0.9103028657895698,-0.45386850787127025
0.9605409932203574,-1.991580647228616,0.47653222307326426,0.007580159128073443,0.04386572729847368,0.07978527078621676,-0.26187930467820164,0.6456090125622588
0.6585583153722777,-0.1568385092224994,1.9441005234532227,0.007580159128073443,0.04386572729847368,-0.4167163129577385,-0.9709031986037162,-0.28471812011226577
0.6585583153722777,2.4451594319498113,-0.17572035487338394,0.007580159128073443,0.04386572729847368,-0.1366384964867896,-0.45277035304276325,-0.20014292623276356
0.6585583153722777,-0.5571458847874703,0.6395953675599263,-0.12224112055067965,0.04386572729847368,0.067054460946628,1.213738799346267,-0.6230188956302747
0.05459295967611858,0.7772120337624326,0.8026585120465883,-1.2477749716116635,0.04386572729847368,0.067054460946628,-0.7345619006285448,3.0982896350678235
1.8664890267645962,0.00995623059623847,0.47653222307326426,0.21541903476761554,0.04386572729847368,-0.5567552211932127,0.10475270884738501,0.9839097880802677
-0.8513550738681201,-0.0004930335758922761,0.15040593409994016,-1.0226682013994668,-1.6588689778177863,-0.5440244113536244,-0.5406408356232758,-1.045894865027786
-0.5493723960200406,0.04331517855998604,-1.9694149442266664,0.32797241987371395,0.16528469256067022,1.2892122055471327,0.12899284197304364,-0.6230188956302747
1.8664890267645962,-0.22355640514999456,2.1071636679398846,0.007580159128073443,0.04386572729847368,-1.015064375418402,1.6500611956081221,0.05358265540574317
0.6585583153722777,-0.4570690408962276,-2.2955412331999905,-1.0226682013994668,-0.2843306487297944,-1.015064375418402,1.0167877177002904,0.1381578492852454
0.6585583153722777,-0.22355640514999456,-0.9910360773066942,1.1158461156164026,0.04386572729847368,0.21982417902169143,-0.7042617342214715,0.5610338186827566
1.2625236710684369,0.11003307448748119,1.9441005234532227,0.007580159128073443,0.04386572729847368,-4.070458736919663,-0.7436519505506667,1.7450865329957879
-1.1533377517161998,-1.591273271663645,-1.6432886552533423,-2.1482020524604506,-1.4918689939098995,-0.5312936015140356,-0.6315413348444956,-0.9613196711482836
-0.5493723960200406,0.21010991837872392,-0.6649097883333701,1.4535062709346978,0.04386572729847368,1.0218651989157723,1.8894325102240008,-0.7921692833892792
0.05459295967611858,-0.05676166533125668,-0.338783499360046,0.007580159128073443,0.04386572729847368,-0.3021390244014409,0.7016659870667283,0.05358265540574317
0.05459295967611858,0.24346886634247147,-0.9910360773066942,-1.9230952822482539,1.0131307647084036,-0.5694860310328015,0.15020295845799495,-0.20014292623276356
-0.247389718171961,-0.5237869368237227,-1.4802255107666804,-0.9101148162933684,0.0753616243025773,-0.1366384964867896,-0.5618509521082271,-0.7921692833892792
-1.1533377517161998,0.44362255412495694,-0.338783499360046,1.4535062709346978,1.2572076642660843,1.3146738252263095,-0.3406597373365922,-0.7921692833892792
0.6585583153722777,0.9773657215449181,-0.8279729328200321,0.21541903476761554,-0.4127921748127843,0.4489787561342857,0.6501557041747038,-0.45386850787127025
0.6585583153722777,-0.6238637807149654,-0.012657210386721898,0.32797241987371395,0.48643850776814496,0.729056572605235,-0.4648904196055926,1.8296617268752902
0.3565756375241982,1.210878357291151,0.9657216565332504,1.3409528858285995,0.7433615599341248,0.9454803398782405,-0.2497592381153723,-0.369293313991768
-0.5493723960200406,0.8105709817261803,0.020378092418557345,0.007580159128073443,0.04386572729847368,-0.5694860310328015,-0.7194118174250081,-0.45386850787127025
-0.8513550738681201,-1.057530104243684,-0.338783499360046,-2.3733088226726475,0.04386572729847368,-0.9514103262204592,2.001543125930172,0.22273304316474765
0.6585583153722777,0.11003307448748119,-0.338783499360046,0.10286564966151714,-0.4127921748127843,-0.2512157850430867,-0.04068808990656668,-0.1155677323532613
2.7724370603088344,1.0107246695086656,1.4549110899932365,0.4405258049798123,-1.5817920621679924,-0.6586016999099216,0.7683263531622897,0.8147594003212633
-0.5493723960200406,-0.3903511449687324,0.15040593409994016,-0.009687735444581251,-0.34856141177128935,0.054323651107039225,0.6683358040189478,-0.5384437017507725
0.9605409932203574,0.8439299296899277,0.31346907858660217,0.007580159128073443,0.04386572729847368,0.9454803398782405,-0.6679015345329835,0.8147594003212633
0.6585583153722777,0.4102636061612093,-0.17572035487338394,-0.6850080460811716,-0.2843306487297944,0.43624794629469693,0.19565320806860492,-0.369293313991768
-0.247389718171961,1.7112625767473648,0.47653222307326426,1.1158461156164026,0.42220774472665,0.2325549888612793,1.4925003302913409,-0.20014292623276356
-0.5493723960200406,-0.9908122083161888,-0.8279729328200321,-0.12224112055067965,0.04386572729847368,-0.04752282760966913,-1.052713647902814,-0.7921692833892792
-1.1533377517161998,2.545236275841054,-0.5018466438467081,0.32797241987371395,1.5655153268652602,1.1873657268304236,0.0744525424403117,-0.45386850787127025
-0.5493723960200406,0.8105709817261803,-0.17572035487338394,1.0032927305103043,2.6702844511789734,-0.5058319818348586,-0.42550020327639726,-0.369293313991768
-0.5493723960200406,-1.2576837920261694,0.020378092418557345,0.007580159128073443,0.04386572729847368,-4.070458736919663,-0.5254907524197392,-1.045894865027786
1.2625236710684369,1.9114162645298503,-0.012657210386721898,1.4535062709346978,-0.2843306487297944,0.09251608062580553,0.7319661534738017,0.22273304316474765
1.2625236710684369,-1.8915038033373732,-0.012657210386721898,-0.6850080460811716,0.04386572729847368,0.0034004117486850487,0.3713941732296297,0.7301842064417611
0.6585583153722777,-0.8573764164611984,0.020378092418557345,0.007580159128073443,0.04386572729847368,-1.053256804937168,-0.8709126494603745,-0.45386850787127025
-1.1533377517161998,1.3109552011823937,-1.8063517997400045,0.007580159128073443,0.04386572729847368,-1.2824113820497627,-0.6769915844551055,2.6754136656703125
0.9605409932203574,2.078211004348588,0.9657216565332504,0.4405258049798123,0.04386572729847368,0.4489787561342857,-0.3709599037436655,0.6456090125622588
-0.247389718171961,0.27682781430621906,0.47653222307326426,-0.6850080460811716,-0.9394844317530429,-0.45490874247650437,-0.4679204362462999,0.05358265540574317
-0.5493723960200406,0.00995623059623847,-0.17572035487338394,-0.23479450565677804,0.04386572729847368,0.614479284048937,-0.4164101533542753,-0.5384437017507725
-0.8513550738681201,-0.023402717367509103,0.47653222307326426,1.1158461156164026,-1.0037151947945377,0.8945571005198864,-0.6557814679701542,-0.45386850787127025
0.3565756375241982,-0.42371009293247996,-0.8279729328200321,1.3409528858285995,-0.2971768013380934,0.48717118565305106,0.11081274212879966,-0.707594089509777
0.3565756375241982,-0.19019745718624698,0.15040593409994016,-0.009687735444581251,0.04386572729847368,0.041592841267450456,0.5531951716720696,0.1381578492852454
-1.1533377517161998,-0.8240174684974508,-0.6649097883333701,0.7781859602981075,-0.6697152269787641,0.614479284048937,0.3713941732296297,-0.707594089509777
-0.247389718171961,1.5778267848923744,0.15040593409994016,-1.1352215865055653,-0.34856141177128935,-0.2639465948826755,-0.6345713514852029,-0.20014292623276356
0.3565756375241982,0.04331517855998604,0.15040593409994016,1.228399500722501,-0.9651767369696408,0.2707474183800456,-0.6315413348444956,-0.45386850787127025
-0.8513550738681201,-0.7239406246062081,-0.5018466438467081,-1.5854351269299587,-1.2349459417439197,-1.0659876147767562,0.5713752715163135,-0.6230188956302747
1.5645063489165165,1.144160461363656,1.1287848010199124,0.007580159128073443,0.04386572729847368,-0.9132178967016933,-0.7497119838320814,1.6605113391162856
-0.8513550738681201,-0.8240174684974508,-0.338783499360046,-0.9101148162933684,0.04386572729847368,-0.6076784605515674,1.8712524103797568,-0.9613196711482836
1.5645063489165165,1.0774425654361608,0.47653222307326426,0.10286564966151714,-0.6697152269787641,-0.1366384964867896,-0.9496930821187649,0.9839097880802677
0.3565756375241982,0.8439299296899277,0.47653222307326426,0.007580159128073443,0.04386572729847368,0.21982417902169143,-0.7860721835205694,2.6754136656703125
0.3565756375241982,1.5444678369286269,-0.6649097883333701,0.007580159128073443,0.04386572729847368,0.11797770030498217,-1.0375635646992776,0.6456090125622588
1.2625236710684369,2.478518379913559,0.31346907858660217,-0.009687735444581251,1.642592242515054,0.7035949529260574,0.38654425643316637,1.9988121146342945
-0.5493723960200406,-0.9574532603524412,-0.6649097883333701,0.32797241987371395,0.10105392951917529,0.7672490021240004,0.5956154046419722,-0.8767444772687815
1.2625236710684369,0.3769046581974618,-0.012657210386721898,0.007580159128073443,0.04386572729847368,0.11797770030498217,-0.6285113182037882,0.47645862480325435
-0.247389718171961,1.611185732856122,-0.6649097883333701,0.8907393454042059,0.9360538490586096,0.3216706577383998,-0.36792988710295815,-0.28471812011226577
1.5645063489165165,1.6445446808198696,3.085542534859857,-0.5724546609750732,1.1287461381830945,1.709328930253556,0.7380261867552164,1.7450865329957879
0.05459295967611858,2.5118773278773063,-0.17572035487338394,1.1158461156164026,7.603207052765785,0.6017484742093491,5.6102929450126,-0.20014292623276356
-0.247389718171961,1.9447752124935977,-0.6649097883333701,-0.45990127586897483,-1.0550998052277338,0.2580166085404568,-0.6254813015630809,-0.6230188956302747
0.05459295967611858,2.0448520563848405,0.020378092418557345,0.007580159128073443,0.04386572729847368,-0.45490874247650437,-0.8042522833648134,0.22273304316474765
0.9605409932203574,0.6771351898711899,1.4549110899932365,-0.5724546609750732,4.211822764174852,-0.20029254568473256,-1.0587736811842288,0.8147594003212633
-0.247389718171961,-0.4570690408962276,-0.8279729328200321,-0.5724546609750732,0.04386572729847368,-0.7604481786266303,-0.7709221003170328,-0.707594089509777
2.4704543824607548,0.6104172939436948,0.8026585120465883,1.5660596560407962,2.2206691098885085,0.9200187201990638,0.1532329750987023,2.083387308513797
1.5645063489165165,-0.32363324904123725,0.8026585120465883,0.32797241987371395,0.29374621864366013,0.28347822821963437,-0.6588114846108616,0.22273304316474765
0.05459295967611858,0.8105709817261803,1.0472532287765814,-0.23479450565677804,-0.6697152269787641,-0.3912546932785614,-0.8739426661010818,-0.5384437017507725
0.3565756375241982,1.4777499410011317,-0.012657210386721898,-1.1352215865055653,0.29374621864366013,-0.7859097983058074,0.33200395690043444,1.4913609513572812
1.8664890267645962,1.3109552011823937,-0.338783499360046,-0.6850080460811716,-0.2586383435131964,-0.8241022278245733,-0.4588303863241779,1.1530601758392722
-0.5493723960200406,1.1108015133999083,0.15040593409994016,-1.360328356717762,-0.72109983741196,-0.6840633195890986,-0.1346186057684939,-0.5384437017507725
-0.8513550738681201,-0.890735364424946,-0.9910360773066942,-1.2477749716116635,-1.2092536365273217,-1.027795185257991,-0.6588114846108616,-0.9613196711482836
0.05459295967611858,-0.1568385092224994,-0.6649097883333701,-0.23479450565677804,-0.4127921748127843,0.15617012982374848,-0.7497119838320814,-0.7921692833892792
2.1684717046126756,0.17675097041497634,2.759416245886533,0.007580159128073443,0.04386572729847368,0.8945571005198864,-0.8709126494603745,1.4913609513572812
-0.8513550738681201,0.14339202245122876,-1.3171623662800183,-0.009687735444581251,-0.0017152913472166342,-0.4167163129577385,0.9804275180118027,-1.045894865027786
-0.247389718171961,-1.2576837920261694,-0.338783499360046,0.10286564966151714,-0.5926383113289702,-0.009330398090903722,0.34412402346326376,-0.707594089509777
1.2625236710684369,-0.32363324904123725,-0.012657210386721898,0.007580159128073443,0.04386572729847368,-1.0659876147767562,1.0985981669993883,2.083387308513797
0.3565756375241982,1.1108015133999083,0.9657216565332504,1.6786130411468947,5.046822683714287,0.8563646710011209,0.428964489403069,0.05358265540574317
-0.8513550738681201,-0.8573764164611984,4.0639214017798295,0.007580159128073443,0.04386572729847368,-1.2187573328518198,-0.8194023665683501,-0.5384437017507725
2.7724370603088344,1.0440836174724133,1.2918479455065746,0.8907393454042059,-0.1558691226468045,1.0982500579533039,2.1106237249956354,0.47645862480325435
0.9605409932203574,0.3769046581974618,1.2918479455065746,-1.5854351269299587,0.03682316647768034,0.054323651107039225,-0.6527514513294469,0.30730823704424987
-1.1533377517161998,-0.09012061329500425,0.020378092418557345,0.007580159128073443,0.04386572729847368,0.054323651107039225,-1.0193834648550335,-0.7921692833892792
0.05459295967611858,0.8105709817261803,0.47653222307326426,0.007580159128073443,0.04386572729847368,0.8309030513219434,0.12899284197304364,2.844564053429317
-0.247389718171961,-0.7572995725699557,0.6395953675599263,-2.0356486673543523,-1.1321767208775277,-1.6134124378790657,-0.5860910852338858,-0.28471812011226577
0.3565756375241982,-0.5237869368237227,0.8026585120465883,0.10286564966151714,0.04386572729847368,0.9582111497178293,-0.5800310519524711,0.3918834309237521
0.3565756375241982,-1.124248000171179,0.47653222307326426,0.10286564966151714,0.04386572729847368,-0.5567552211932127,-0.6648715178922762,0.30730823704424987
-0.8513550738681201,-0.05676166533125668,0.6395953675599263,2.128826581571288,0.6149000338511349,0.8818262906802975,2.0742635253071477,0.6456090125622588
-0.8513550738681201,-0.4570690408962276,-0.9910360773066942,1.9037198113590914,0.3322846764685571,0.4489787561342857,-0.18915890530122587,-0.7921692833892792
2.7724370603088344,1.210878357291151,3.411668823833181,0.007580159128073443,0.04386572729847368,1.3146738252263095,-0.6679015345329835,0.8993345942007656
-0.8513550738681201,-1.124248000171179,0.47653222307326426,-0.009687735444581251,-0.9780228895779398,0.0034004117486850487,-0.3406597373365922,-0.369293313991768
-0.247389718171961,-0.32363324904123725,0.15040593409994016,0.10286564966151714,0.04386572729847368,-0.04752282760966913,-0.8497025329754232,-0.707594089509777
2.4704543824607548,-1.124248000171179,0.15040593409994016,1.228399500722501,-1.2606382469605175,0.42351713645510813,-0.3012695210073969,1.2376353697187745
0.3565756375241982,-1.4578374798086549,-1.9694149442266664,0.007580159128073443,0.04386572729847368,0.21982417902169143,0.5350150718278256,-0.707594089509777
-0.8513550738681201,-0.1568385092224994,-0.9910360773066942,-0.6850080460811716,-0.5926383113289702,0.2325549888612793,-0.03462805662515202,-0.5384437017507725
-1.1533377517161998,-0.1568385092224994,0.020378092418557345,0.007580159128073443,0.04386572729847368,0.2325549888612793,1.3773596979444627,0.8993345942007656
0.05459295967611858,-0.8240174684974508,-0.9910360773066942,-0.6850080460811716,0.04386572729847368,-0.48037036215568146,-0.10431843936142061,-0.9613196711482836
0.9605409932203574,0.9440067735811706,0.47653222307326426,-0.009687735444581251,-0.3357152591629904,0.4107863266155203,0.6501557041747038,1.7450865329957879
0.9605409932203574,0.4769815020887045,1.4549110899932365,0.007580159128073443,0.04386572729847368,-0.2639465948826755,-0.810312316646228,1.406785757477779
-0.8513550738681201,-0.6905816766424606,-1.8063517997400045,-1.5854351269299587,-1.4918689939098995,-0.9896027557392251,0.14717294181728763,-0.6230188956302747
-0.5493723960200406,-0.9908122083161888,-1.6432886552533423,0.007580159128073443,0.04386572729847368,-0.23848497520349798,-1.0193834648550335,-0.9613196711482836
-1.1533377517161998,-0.9240943123886936,-0.17572035487338394,-0.23479450565677804,-0.47702293785427924,1.4674435433013728,-0.39520003686932414,-1.045894865027786
-0.8513550738681201,-0.7572995725699557,-1.1540992217933561,-2.1482020524604506,0.04386572729847368,-0.8368330376641621,0.2229233578349709,-1.045894865027786
-0.247389718171961,-1.591273271663645,-0.338783499360046,-0.12224112055067965,-1.3762536204352085,-0.2894082145618526,-0.5588209354675198,-0.8767444772687815
-1.1533377517161998,0.07667412652373362,-1.3171623662800183,-1.8105418971421554,-0.6054844639372692,-1.295142191889351,-0.07704828959505464,-1.045894865027786
-0.8513550738681201,1.377673097109889,-0.012657210386721898,0.007580159128073443,0.04386572729847368,0.8945571005198864,2.2560645237495875,-0.03099253847375907
-0.5493723960200406,-0.8573764164611984,-0.338783499360046,-1.8105418971421554,-1.3248690100020126,-1.384257860766471,0.5138049553428743,-0.6230188956302747
-1.1533377517161998,-0.023402717367509103,-0.5018466438467081,0.10286564966151714,0.16528469256067022,0.2962090380592223,-0.8315224331311792,-0.03099253847375907
-0.8513550738681201,-1.3577606359174121,-0.012657210386721898,-1.2477749716116635,-1.4404843834767034,-0.6840633195890986,-0.5891211018745931,-0.7921692833892792
1.5645063489165165,0.4102636061612093,0.15040593409994016,0.4405258049798123,-1.1835613313107236,-0.7731789884662191,-0.052808156469396,4.028616767742348
-0.8513550738681201,0.27682781430621906,-0.17572035487338394,-1.8105418971421554,-0.6054844639372692,-0.7731789884662191,-0.016447956780908206,-0.9613196711482836
-0.247389718171961,-0.8573764164611984,0.47653222307326426,1.1158461156164026,0.04386572729847368,0.67813333324688,-0.7254718507064228,0.5610338186827566
1.2625236710684369,-0.7572995725699557,0.9657216565332504,0.007580159128073443,0.04386572729847368,0.43624794629469693,-0.2709693546003236,1.406785757477779
0.05459295967611858,-1.057530104243684,1.2918479455065746,2.01627319646519,-1.2606382469605175,0.729056572605235,-0.3497497872587142,-0.369293313991768
-0.5493723960200406,-0.7239406246062081,-1.4802255107666804,-0.12224112055067965,-0.6054844639372692,0.7417873824448229,0.06233247587748238,-0.7921692833892792
1.5645063489165165,1.144160461363656,1.1287848010199124,-0.12224112055067965,0.03682316647768034,0.2962090380592223,2.156073974606246,0.7301842064417611
0.6585583153722777,0.04331517855998604,-0.012657210386721898,1.791166426252993,1.0002846121001046,0.20709336918210267,0.7743863864437043,0.05358265540574317
2.1684717046126756,0.5436993980161996,0.15040593409994016,-0.3473478907628764,-0.10448451221360855,0.5253636151718174,0.24110345767921487,1.406785757477779
-0.8513550738681201,-0.890735364424946,-0.5018466438467081,-1.8105418971421554,-1.4661766886933014,-1.5752200083602999,-0.4345902531985193,-0.707594089509777
-0.8513550738681201,-1.4244785318449071,0.23193750634327118,0.10286564966151714,0.04386572729847368,0.0034004117486850487,-0.24672922147466497,-0.9613196711482836
-0.5493723960200406,-1.6913501155548878,-0.17572035487338394,-0.23479450565677804,0.04386572729847368,-0.5058319818348586,0.3289739402597271,-0.9613196711482836
0.9605409932203574,2.478518379913559,1.4549110899932365,0.007580159128073443,0.04386572729847368,0.9964035792365947,-0.08007830623576197,0.6456090125622588
0.6585583153722777,0.743853085798685,-0.012657210386721898,-0.23479450565677804,0.9745923068835066,0.24528579870086806,-0.6739615678143982,0.5610338186827566
-1.1533377517161998,-0.5571458847874703,1.4549110899932365,0.007580159128073443,0.04386572729847368,-0.3021390244014409,-0.8497025329754232,1.06848498195977
1.2625236710684369,-0.7239406246062081,0.31346907858660217,0.007580159128073443,0.04386572729847368,0.8563646710011209,-0.8709126494603745,0.7301842064417611
-0.8513550738681201,-0.6238637807149654,-3.436983244606625,1.0032927305103043,-0.8880998213198469,1.4419819236221953,-0.8921227659453258,-0.03099253847375907
-0.8513550738681201,-0.4570690408962276,1.2918479455065746,-1.1352215865055653,0.04386572729847368,-0.6204092703911557,-0.23460915491183565,-0.7921692833892792
-1.1533377517161998,0.04331517855998604,-0.012657210386721898,0.007580159128073443,0.04386572729847368,0.550825234850994,-0.6648715178922762,1.5759361452367835
2.1684717046126756,0.4769815020887045,0.9657216565332504,0.6656325751920091,-0.2843306487297944,-0.46763955231609267,-0.6588114846108616,0.7301842064417611
1.8664890267645962,0.24346886634247147,0.31346907858660217,-0.12224112055067965,-0.3870998695961863,0.49990199549263986,-0.5982111517967149,0.47645862480325435
-0.8513550738681201,1.7112625767473648,0.15040593409994016,0.007580159128073443,0.04386572729847368,0.614479284048937,-1.179974346812522,0.3918834309237521
-1.1533377517161998,0.3101867622699666,-0.5018466438467081,1.228399500722501,0.04386572729847368,0.2962090380592223,-0.8527325496161305,-0.9613196711482836
0.05459295967611858,0.6437762419074423,0.15040593409994016,0.007580159128073443,0.04386572729847368,-0.5567552211932127,-0.7072917508621788,0.5610338186827566
-1.1533377517161998,0.3435457102337142,0.47653222307326426,0.007580159128073443,0.04386572729847368,0.054323651107039225,-0.25581927139678695,-1.045894865027786
-0.247389718171961,-0.05676166533125668,-0.17572035487338394,0.10286564966151714,-0.22009988568829947,1.391058684263841,-0.07704828959505464,-0.28471812011226577
0.3565756375241982,-0.5905048327512179,0.15040593409994016,0.007580159128073443,0.04386572729847368,-0.40398550311814974,-0.9830232651665455,1.2376353697187745
0.9605409932203574,2.178287848239831,-0.338783499360046,1.1158461156164026,1.9508999051142297,0.729056572605235,-0.6769915844551055,0.6456090125622588
-1.1533377517161998,-0.09012061329500425,-0.5018466438467081,-0.23479450565677804,0.04386572729847368,0.8690954808407088,-0.6618415012515688,-0.9613196711482836
1.5645063489165165,-1.0241711562799363,-0.338783499360046,0.007580159128073443,0.04386572729847368,-0.9896027557392251,-0.8406124830533012,2.083387308513797
-0.8513550738681201,-0.5237869368237227,0.31346907858660217,0.007580159128073443,0.04386572729847368,0.7035949529260574,-0.8497025329754232,-0.6230188956302747
0.3565756375241982,-0.4570690408962276,-0.012657210386721898,1.5660596560407962,-0.9908690421862388,0.5253636151718174,-0.6497214346887396,-0.03099253847375907
-0.8513550738681201,-0.35699219700498486,1.1287848010199124,-1.1352215865055653,0.04386572729847368,-0.23848497520349798,-1.0133234315736188,-0.8767444772687815
2.7724370603088344,0.7772120337624326,0.8026585120465883,-1.1352215865055653,-0.5412537008957742,-1.2442189525309968,-0.7042617342214715,1.9988121146342945
-1.1533377517161998,-0.5571458847874703,-0.6649097883333701,1.3409528858285995,-0.13017681743020654,1.2128273465096011,-0.9224229323523991,-0.9613196711482836
-0.247389718171961,0.24346886634247147,1.6179742344798986,2.2413799666773864,0.03682316647768034,0.5635560446905828,1.4864402970099262,-0.1155677323532613
-1.1533377517161998,0.8105709817261803,0.8026585120465883,0.007580159128073443,0.04386572729847368,1.0855192481137153,3.949843825904983,0.8993345942007656
-0.247389718171961,1.210878357291151,0.31346907858660217,0.7781859602981075,1.1929769012245894,-0.04752282760966913,1.1319283500471689,-0.45386850787127025
-1.1533377517161998,-0.6905816766424606,-0.6649097883333701,-1.360328356717762,0.04386572729847368,-1.39698867060606,-0.6830516177365202,-1.045894865027786
1.5645063489165165,-0.657222728678713,0.31346907858660217,0.8907393454042059,0.04386572729847368,0.11797770030498217,0.5683452548756062,1.06848498195977
-0.8513550738681201,0.5436993980161996,0.8026585120465883,0.007580159128073443,0.04386572729847368,1.034596008755361,-0.7315318839878374,-0.45386850787127025
1.8664890267645962,-0.22355640514999456,0.020378092418557345,0.007580159128073443,0.04386572729847368,-4.070458736919663,-0.6557814679701542,-0.28471812011226577
-0.8513550738681201,-1.0908890522074315,-3.926172678066611,-1.1352215865055653,-1.6331766726011883,-0.5312936015140356,0.24716349096062953,-1.045894865027786
-0.247389718171961,0.00995623059623847,0.47653222307326426,0.007580159128073443,0.04386572729847368,-1.142372473814288,-0.6769915844551055,0.5610338186827566
-0.5493723960200406,-1.7914269594461305,-0.8279729328200321,-1.8105418971421554,-1.7616381986841783,-1.511565959162357,-0.6679015345329835,-0.8767444772687815
0.9605409932203574,0.07667412652373362,-0.17572035487338394,0.4405258049798123,0.8075923229756197,-0.8241022278245733,-0.9587831320408869,0.30730823704424987
-1.1533377517161998,1.3443141491461414,0.31346907858660217,3.0292536624200754,-0.6697152269787641,2.702332097741466,0.8531668191020949,-0.707594089509777
-0.5493723960200406,-0.023402717367509103,-0.17572035487338394,0.32797241987371395,-0.7339459900202591,0.9072879103594751,1.2379789324719255,-0.8767444772687815
-1.1533377517161998,-0.7239406246062081,1.2918479455065746,3.479467202844469,-0.5412537008957742,1.8875602680077959,1.4682601971656823,-0.20014292623276356
-0.5493723960200406,-1.3577606359174121,-0.012657210386721898,-1.5854351269299587,-0.9780228895779398,-0.23848497520349798,0.21080329127214156,-0.707594089509777
-0.5493723960200406,-0.5237869368237227,-0.6649097883333701,0.6656325751920091,-0.42563832742108326,-0.1875617358451438,2.7954074857954914,0.05358265540574317
-0.247389718171961,0.07667412652373362,0.6395953675599263,0.4405258049798123,-0.2843306487297944,0.15617012982374848,-0.5224607357790318,-0.6230188956302747
-0.8513550738681201,0.3769046581974618,2.433289956913209,-0.12224112055067965,-0.1558691226468045,0.1052468904653934,-0.737591917269252,0.9839097880802677
2.7724370603088344,0.24346886634247147,0.020378092418557345,0.10286564966151714,0.04386572729847368,1.0091343890761835,0.2774636573677025,0.8993345942007656
-0.247389718171961,-2.0249395951923637,0.8026585120465883,-0.12224112055067965,0.04386572729847368,0.308939847898811,-0.7103217675028861,1.06848498195977
-0.247389718171961,0.11003307448748119,-1.1540992217933561,0.007580159128073443,0.04386572729847368,-0.04752282760966913,-0.9890832984479602,-0.7921692833892792
-1.1533377517161998,-0.1568385092224994,0.6395953675599263,0.21541903476761554,-1.2734843995688165,1.6838673105743793,-1.1769443301718148,-0.7921692833892792
-0.5493723960200406,0.17675097041497634,-2.1324780887133286,-0.9101148162933684,2.3491306359714983,0.308939847898811,-0.9133328824302771,-0.9613196711482836
1.5645063489165165,1.0107246695086656,0.47653222307326426,0.5530791900859107,0.24236160821046415,0.28347822821963437,1.2591890489568769,-0.03099253847375907
-1.1533377517161998,0.5436993980161996,0.020378092418557345,0.007580159128073443,0.04386572729847368,0.550825234850994,1.38038971458517,-0.707594089509777
0.05459295967611858,0.3101867622699666,-0.338783499360046,-0.9101148162933684,0.1781308451689692,0.1434393199841597,-0.9618131486815942,-0.45386850787127025
0.3565756375241982,0.00995623059623847,1.1287848010199124,0.007580159128073443,0.04386572729847368,0.34713227741757735,-0.5679109853896418,-0.03099253847375907
-0.5493723960200406,-0.890735364424946,-1.4802255107666804,-1.6979885120360572,-0.823869058278352,-0.7477173687870415,0.8198366360543142,-0.9613196711482836
-1.1533377517161998,1.3443141491461414,0.31346907858660217,0.7781859602981075,0.04386572729847368,2.244022943516277,-0.3436897539772995,-0.6230188956302747
-0.247389718171961,1.8113394206386075,1.1287848010199124,-0.23479450565677804,0.049669319085979324,0.16890093966333636,2.050023392181489,1.5759361452367835
-0.8513550738681201,0.743853085798685,0.8026585120465883,1.228399500722501,0.04386572729847368,1.1873657268304236,0.39260428971458106,-0.45386850787127025
-0.5493723960200406,-0.05676166533125668,-1.4802255107666804,0.007580159128073443,0.04386572729847368,-0.6586016999099216,-0.06795823967293266,-0.5384437017507725
-1.1533377517161998,1.7112625767473648,0.47653222307326426,0.32797241987371395,1.4498999533905692,1.8493678384890306,2.065173475385026,2.083387308513797
0.6585583153722777,0.24346886634247147,1.4549110899932365,-2.485862207778746,2.2335152624968075,-1.5752200083602999,0.31685387369689777,2.2525376962728014
-0.5493723960200406,-2.1917343350111014,-1.3171623662800183,-0.12224112055067965,-1.3762536204352085,-0.9896027557392251,-0.44065028647993393,-0.9613196711482836
-0.5493723960200406,1.1108015133999083,-1.6432886552533423,-0.23479450565677804,4.9825919206727916,0.8563646710011209,-0.7194118174250081,-0.707594089509777
-0.5493723960200406,-0.35699219700498486,-0.9910360773066942,0.007580159128073443,0.04386572729847368,-0.7349865589474532,-0.4073201034321533,-0.8767444772687815
-0.8513550738681201,-0.6238637807149654,0.6395953675599263,-2.0356486673543523,-0.9009459739281459,-1.6006816280394773,0.04112235939253107,-0.9613196711482836
0.6585583153722777,-0.25691535311374214,1.2918479455065746,0.007580159128073443,0.04386572729847368,-0.5312936015140356,-0.6982017009400568,2.7599888595498148
-0.247389718171961,-0.49042798885997513,-0.8279729328200321,-1.8105418971421554,-1.3377151626103116,-1.1551032836538768,0.6077354712048015,-0.8767444772687815
1.2625236710684369,2.0448520563848405,-0.6649097883333701,0.007580159128073443,0.04386572729847368,-1.104180044295522,0.5895553713605575,-0.1155677323532613
0.05459295967611858,0.6771351898711899,1.1287848010199124,0.007580159128073443,0.04386572729847368,1.5310975924993158,0.5077449220614596,-0.9613196711482836
-0.8513550738681201,0.21010991837872392,0.8026585120465883,-1.360328356717762,0.396515439510052,-0.5694860310328015,-1.098163897513424,-0.9613196711482836
-0.5493723960200406,0.27682781430621906,1.9441005234532227,0.007580159128073443,0.04386572729847368,-1.1932957131726423,-0.6345713514852029,-1.045894865027786
0.6585583153722777,-0.9574532603524412,-1.8063517997400045,0.10286564966151714,-1.1321767208775277,-0.4167163129577385,-0.36792988710295815,-0.8767444772687815
-1.1533377517161998,-0.657222728678713,0.47653222307326426,1.228399500722501,-0.798176753061754,0.3216706577383998,-0.7254718507064228,-0.7921692833892792
3.074419738156914,1.7779804726748598,-0.8279729328200321,0.10286564966151714,0.04386572729847368,0.20709336918210267,-0.8042522833648134,0.3918834309237521
-0.8513550738681201,-0.1568385092224994,1.2918479455065746,-0.5724546609750732,-0.09163835960530956,0.3216706577383998,-0.22551910498971364,0.5610338186827566
1.5645063489165165,0.07667412652373362,-0.17572035487338394,0.4405258049798123,3.2098228607275305,0.43624794629469693,-0.5921511185153004,0.05358265540574317
-0.8513550738681201,1.4110320450736364,0.8026585120465883,1.5660596560407962,-1.0936382630526307,0.1052468904653934,-0.41338013671356794,1.406785757477779
1.2625236710684369,0.7104941378349375,-0.5018466438467081,0.007580159128073443,0.04386572729847368,0.37259389709675395,-1.0557436645435214,0.6456090125622588
-0.5493723960200406,-0.7572995725699557,-0.17572035487338394,-1.4728817418238604,-1.3890997730435075,-1.4733735296435915,-0.7345619006285448,-0.5384437017507725
-0.5493723960200406,-0.7572995725699557,-0.9910360773066942,-1.360328356717762,0.10105392951917529,0.5890176643697603,-0.0740182729543473,-1.045894865027786
-1.1533377517161998,-1.2576837920261694,-0.6649097883333701,-0.79756143118727,-1.1064844156609297,0.48717118565305106,0.2047432579907269,-1.045894865027786
1.2625236710684369,-0.4570690408962276,-0.17572035487338394,0.007580159128073443,0.04386572729847368,-0.1875617358451438,1.447050080680731,-0.03099253847375907
1.2625236710684369,-1.2243248440624217,-1.3986939385233492,-1.0226682013994668,0.04386572729847368,-0.9641411360600479,-1.0345335480585702,0.7301842064417611
2.4704543824607548,-0.5237869368237227,0.6395953675599263,0.007580159128073443,0.04386572729847368,-1.0659876147767562,-1.0315035314178629,0.8993345942007656
1.5645063489165165,-1.0908890522074315,-0.8279729328200321,0.007580159128073443,0.04386572729847368,-1.206026523012231,-1.0163534482143262,-0.03099253847375907
2.4704543824607548,-0.023402717367509103,0.47653222307326426,-1.360328356717762,0.04386572729847368,-0.6967941294286873,-0.6618415012515688,2.4216880840318056
-0.5493723960200406,-0.1568385092224994,1.4549110899932365,-1.1352215865055653,-1.0422536526194348,-0.8622946573433391,-0.4982206026533732,-1.045894865027786
-0.8513550738681201,-1.6913501155548878,-1.9694149442266664,-1.2477749716116635,-0.9780228895779398,-1.4733735296435915,-0.4679204362462999,-0.9613196711482836
-1.1533377517161998,-0.6905816766424606,0.31346907858660217,0.007580159128073443,0.04386572729847368,0.4744403758134632,-0.8466725163347159,-0.6230188956302747
-1.1533377517161998,-0.2902743010774897,0.6395953675599263,-1.4728817418238604,0.04386572729847368,-0.12390768664720085,1.2016187327834376,-1.045894865027786
-0.5493723960200406,-1.1576069481349267,-1.1540992217933561,-1.4728817418238604,-1.2863305521771156,0.09251608062580553,-0.9436330488373502,-0.707594089509777
-0.5493723960200406,0.743853085798685,-1.1540992217933561,0.4405258049798123,-0.22009988568829947,-0.04752282760966913,-0.16794878881627454,-0.707594089509777
0.6585583153722777,-0.42371009293247996,-0.9910360773066942,-0.23479450565677804,0.04386572729847368,-0.8877562770225162,-0.8224323832090573,-0.5384437017507725
-0.247389718171961,0.3435457102337142,0.6395953675599263,0.007580159128073443,0.04386572729847368,0.308939847898811,-0.228549121630421,0.8993345942007656
-0.247389718171961,2.178287848239831,-0.17572035487338394,-0.79756143118727,0.6149000338511349,0.5635560446905828,-0.21036902178617717,0.22273304316474765
0.05459295967611858,-0.3903511449687324,1.6179742344798986,0.007580159128073443,0.04386572729847368,0.7163257627656463,-0.8678826328196672,-0.28471812011226577
1.2625236710684369,-0.49042798885997513,0.6395953675599263,0.007580159128073443,0.04386572729847368,-0.9386795163808704,1.1470784332507056,0.05358265540574317
1.2625236710684369,-0.7239406246062081,0.15040593409994016,1.228399500722501,0.8075923229756197,0.9454803398782405,0.5562251883127769,0.8147594003212633
-0.247389718171961,-1.3244016879536644,-0.17572035487338394,0.007580159128073443,0.04386572729847368,-1.384257860766471,-0.2679393379596163,-0.707594089509777
0.9605409932203574,0.4769815020887045,0.15040593409994016,-0.3473478907628764,-0.22009988568829947,-0.7604481786266303,0.5138049553428743,1.4913609513572812
0.3565756375241982,1.4777499410011317,0.31346907858660217,0.007580159128073443,0.04386572729847368,1.7475213597723223,-0.4164101533542753,-0.5384437017507725
2.1684717046126756,1.1108015133999083,0.31346907858660217,-0.12224112055067965,-0.027407596563814612,0.16890093966333636,2.6529967036822475,1.4913609513572812
0.3565756375241982,0.4769815020887045,0.8026585120465883,0.007580159128073443,0.04386572729847368,-4.070458736919663,0.49259483885792293,3.0137144411883217
-0.8513550738681201,-0.09012061329500425,1.1287848010199124,1.1158461156164026,0.8718230860171147,1.7347905499327334,1.0016376344967541,-0.369293313991768
-0.247389718171961,-0.657222728678713,0.15040593409994016,0.007580159128073443,0.04386572729847368,-0.3148698342410297,-1.0799837976691802,-0.1155677323532613
0.6585583153722777,-1.2243248440624217,0.47653222307326426,0.007580159128073443,0.04386572729847368,-0.09844606696802376,-0.2891494544445676,0.7301842064417611
0.05459295967611858,0.9773657215449181,1.4549110899932365,1.0032927305103043,0.04386572729847368,-0.2894082145618526,-0.5557909188268125,0.22273304316474765
1.5645063489165165,1.611185732856122,0.15040593409994016,0.21541903476761554,0.04386572729847368,1.5310975924993158,-0.22551910498971364,0.8147594003212633
-0.247389718171961,-0.6238637807149654,-0.012657210386721898,0.10286564966151714,-0.0017152913472166342,-0.5567552211932127,0.7652963365215824,-0.5384437017507725
-0.8513550738681201,0.07667412652373362,-0.9910360773066942,0.32797241987371395,0.04386572729847368,0.48717118565305106,0.11081274212879966,-1.045894865027786
-0.5493723960200406,-0.32363324904123725,-0.338783499360046,-0.79756143118727,-0.746792142628558,0.2707474183800456,-0.49216056937195857,-0.6230188956302747
-1.1533377517161998,0.14339202245122876,0.9657216565332504,-0.009687735444581251,0.8075923229756197,-0.1621001161659667,0.12899284197304364,-0.7921692833892792
0.05459295967611858,-0.1568385092224994,-0.8279729328200321,-1.9230952822482539,0.04386572729847368,-0.2894082145618526,-0.29520948772598227,-0.28471812011226577
-0.5493723960200406,-0.4570690408962276,0.6395953675599263,0.007580159128073443,0.04386572729847368,-0.6331400802307444,-0.6618415012515688,1.5759361452367835
0.05459295967611858,-1.0241711562799363,-0.17572035487338394,0.32797241987371395,-0.823869058278352,0.1434393199841597,-0.09522838943929862,-0.9613196711482836
-0.8513550738681201,0.7104941378349375,0.15040593409994016,-0.79756143118727,-1.1707151787024246,-0.7349865589474532,-0.6709315511736909,-1.045894865027786
-0.247389718171961,-0.22355640514999456,-0.5018466438467081,1.1158461156164026,-0.1558691226468045,0.7799798119635892,-0.9921133150886675,-0.45386850787127025
-0.8513550738681201,-1.6246322196273926,-1.8063517997400045,-2.1482020524604506,0.04386572729847368,-1.142372473814288,-0.6951716842993495,-1.045894865027786
-0.5493723960200406,-1.3577606359174121,-0.9910360773066942,-0.79756143118727,0.04386572729847368,-0.5440244113536244,-0.5679109853896418,-0.707594089509777
-1.1533377517161998,-0.42371009293247996,1.2918479455065746,0.10286564966151714,0.04386572729847368,0.067054460946628,1.1440484166099982,0.3918834309237521
-0.5493723960200406,-0.22355640514999456,-0.6649097883333701,-0.79756143118727,0.04386572729847368,-0.14936930632637793,-0.17097880545698188,-1.045894865027786
-0.5493723960200406,0.5770583459799472,0.23193750634327118,0.007580159128073443,0.04386572729847368,-0.8113714179849845,-0.9406030321966429,-0.369293313991768
-1.1533377517161998,2.211646796203578,0.8026585120465883,-1.6979885120360572,0.42220774472665,0.0034004117486850487,0.6198555377676308,-0.9613196711482836
0.3565756375241982,0.21010991837872392,0.6395953675599263,0.007580159128073443,0.04386572729847368,0.33440146757798855,-1.0102934149329115,0.9839097880802677
1.8664890267645962,0.5770583459799472,0.6395953675599263,0.007580159128073443,0.04386572729847368,-0.6204092703911557,2.9196381680644925,1.9988121146342945
-0.8513550738681201,-1.124248000171179,-3.436983244606625,1.4535062709346978,-0.6825613795870631,2.9314866748540607,0.05627244259606772,-0.6230188956302747
0.3565756375241982,-0.0004930335758922761,0.6395953675599263,0.32797241987371395,0.04386572729847368,1.1491732973116582,-0.3982300535100315,0.30730823704424987
0.6585583153722777,-0.6238637807149654,-0.5018466438467081,0.007580159128073443,0.04386572729847368,-0.9768719458996362,-0.6921416676586422,-0.369293313991768
1.2625236710684369,1.1108015133999083,-0.8279729328200321,-0.3473478907628764,4.4045150532993365,0.2580166085404568,0.19868322470931224,1.06848498195977
1.8664890267645962,1.9114162645298503,-0.17572035487338394,0.007580159128073443,0.04386572729847368,0.3980555167759315,-0.8406124830533012,0.30730823704424987
-0.8513550738681201,-0.42371009293247996,-1.3171623662800183,-0.9101148162933684,-0.22009988568829947,-0.8622946573433391,1.077388050514437,-0.8767444772687815
0.3565756375241982,0.5770583459799472,0.6395953675599263,0.6656325751920091,0.10105392951917529,-0.04752282760966913,-0.35277980389942154,-0.707594089509777
0.3565756375241982,-0.1568385092224994,1.1287848010199124,0.10286564966151714,-0.6054844639372692,0.9072879103594751,-0.6860816343772275,0.7301842064417611
0.3565756375241982,-0.22355640514999456,2.1071636679398846,0.007580159128073443,0.04386572729847368,2.6641396682227,-0.8133423332869354,-0.45386850787127025
1.8664890267645962,-0.9908122083161888,-0.8279729328200321,0.007580159128073443,0.04386572729847368,-0.7731789884662191,-0.9406030321966429,-0.20014292623276356
1.8664890267645962,-0.4570690408962276,-0.5018466438467081,0.007580159128073443,0.04386572729847368,0.054323651107039225,-0.6224512849223736,0.7301842064417611
-0.5493723960200406,-0.42371009293247996,1.6179742344798986,0.007580159128073443,0.04386572729847368,1.3655970645846645,1.113748250202925,1.7450865329957879
-0.8513550738681201,0.11003307448748119,-0.17572035487338394,-0.5724546609750732,-0.5412537008957742,-0.9768719458996362,-0.7769821335984474,-0.707594089509777
-0.247389718171961,0.6437762419074423,0.020378092418557345,0.007580159128073443,0.04386572729847368,-0.2512157850430867,0.8592268523835096,-0.5384437017507725
-0.8513550738681201,-1.124248000171179,-0.8279729328200321,-0.5724546609750732,-1.3890997730435075,-0.2639465948826755,-0.16794878881627454,-0.8767444772687815
-1.1533377517161998,1.0107246695086656,0.8026585120465883,1.1158461156164026,1.5398230216486621,1.2128273465096011,-0.6285113182037882,-0.5384437017507725
-0.5493723960200406,-1.2243248440624217,-0.583378216090039,0.007580159128073443,0.04386572729847368,0.970941959557418,1.371299664663048,-0.5384437017507725
0.3565756375241982,-0.7572995725699557,-1.4802255107666804,-0.12224112055067965,-0.8880998213198469,0.2580166085404568,0.06536249251818971,-0.28471812011226577
1.5645063489165165,0.00995623059623847,-1.3171623662800183,0.007580159128073443,0.04386572729847368,0.16890093966333636,1.9288227265531965,-0.03099253847375907
-1.1533377517161998,-1.0241711562799363,0.6395953675599263,0.007580159128073443,0.04386572729847368,0.054323651107039225,0.37442418987033704,-0.5384437017507725
1.5645063489165165,1.4110320450736364,0.47653222307326426,0.007580159128073443,0.04386572729847368,0.1052468904653934,-0.9981733483700822,0.9839097880802677
0.05459295967611858,0.21010991837872392,-0.17572035487338394,0.007580159128073443,0.04386572729847368,0.2962090380592223,-0.5285207690604465,-0.7921692833892792
-0.5493723960200406,-0.6905816766424606,-1.1540992217933561,0.6656325751920091,-0.798176753061754,-1.295142191889351,-0.9769632318851309,-0.9613196711482836
-0.8513550738681201,-0.8240174684974508,-0.5018466438467081,-1.5854351269299587,-0.1558691226468045,-1.116910854135111,0.029002292829701747,-0.9613196711482836
0.3565756375241982,1.210878357291151,-0.17572035487338394,0.007580159128073443,0.04386572729847368,-0.2766774047222638,-0.8194023665683501,2.506263277911308
-0.8513550738681201,0.5770583459799472,-2.1324780887133286,-1.1352215865055653,-0.8880998213198469,-0.4167163129577385,0.5350150718278256,-0.9613196711482836
1.2625236710684369,-0.42371009293247996,0.31346907858660217,1.1158461156164026,-0.48986909046257826,-0.5185627916744473,0.49259483885792293,-0.20014292623276356
-0.247389718171961,1.210878357291151,-0.6649097883333701,-1.8105418971421554,3.017130571603046,-0.09844606696802376,-0.5527609021861052,-0.7921692833892792
0.05459295967611858,-0.25691535311374214,-0.583378216090039,0.007580159128073443,0.04386572729847368,-1.2824113820497627,-0.13764862240920125,0.30730823704424987
-1.1533377517161998,1.844698368602355,-0.9910360773066942,-0.009687735444581251,4.186130458958254,0.33440146757798855,1.8015620276434885,-1.045894865027786
-0.8513550738681201,1.5444678369286269,1.2918479455065746,-0.009687735444581251,0.04386572729847368,0.38532470693634274,1.2955492486453648,1.5759361452367835
1.8664890267645962,0.3769046581974618,-0.338783499360046,0.007580159128073443,0.04386572729847368,-0.6331400802307444,-0.7042617342214715,0.22273304316474765
-0.8513550738681201,-0.09012061329500425,-1.4802255107666804,-1.8105418971421554,-1.3120228573937136,-1.2314881426914082,-0.8254623998497647,-0.7921692833892792
0.05459295967611858,-0.890735364424946,-0.17572035487338394,0.32797241987371395,0.04386572729847368,0.01613122158827382,0.40775437291811767,-0.7921692833892792
0.9605409932203574,-1.3577606359174121,0.47653222307326426,1.228399500722501,-1.3377151626103116,1.8748294581682081,-0.6557814679701542,0.7301842064417611
-0.8513550738681201,-1.1576069481349267,-0.9910360773066942,0.8907393454042059,-0.9908690421862388,0.6654025234072921,0.09566265892526302,-0.9613196711482836
-0.8513550738681201,-0.09012061329500425,1.2918479455065746,1.3409528858285995,0.22951545560216519,1.696598120413967,0.08960262564384835,-0.6230188956302747
-0.247389718171961,2.0114931084210927,0.15040593409994016,0.007580159128073443,0.04386572729847368,-0.1875617358451438,-0.4012600701507388,-0.369293313991768
-1.1533377517161998,0.5103404500524521,-2.621667522173315,0.6656325751920091,0.2038231503855672,1.4165203039430188,5.486062262743598,-0.03099253847375907
0.6585583153722777,-0.657222728678713,0.8026585120465883,0.007580159128073443,0.04386572729847368,-0.14936930632637793,-0.9012128158674478,0.22273304316474765
-0.5493723960200406,-0.9908122083161888,0.31346907858660217,-1.0226682013994668,0.04386572729847368,-0.9896027557392251,3.6983524447262757,-0.45386850787127025
-1.1533377517161998,-0.5571458847874703,-0.338783499360046,-0.79756143118727,0.04386572729847368,-1.5242967690019458,-0.7315318839878374,-0.9613196711482836
0.9605409932203574,-0.9240943123886936,-0.6649097883333701,-0.45990127586897483,-0.9394844317530429,0.16890093966333636,0.789536469647241,0.6456090125622588
-0.5493723960200406,0.00995623059623847,-0.9910360773066942,-1.2477749716116635,-0.5926383113289702,-0.2766774047222638,0.725906120192387,-0.9613196711482836
0.6585583153722777,0.4102636061612093,0.6395953675599263,0.8907393454042059,2.798745977261963,1.8111754089702652,-0.7254718507064228,1.06848498195977
1.2625236710684369,1.5111088889648792,2.759416245886533,1.9037198113590914,1.0131307647084036,0.7163257627656463,-0.9466630654780576,0.8147594003212633
0.6585583153722777,0.5103404500524521,-0.9095045050633631,0.007580159128073443,0.04386572729847368,-0.9896027557392251,-0.9890832984479602,1.8296617268752902
-0.8513550738681201,1.1775194093274035,-0.012657210386721898,-0.9101148162933684,0.2038231503855672,-0.8113714179849845,-1.0739237643877655,-0.7921692833892792
0.3565756375241982,-0.8573764164611984,0.15040593409994016,-1.2477749716116635,-1.0936382630526307,0.20709336918210267,1.5743107795904387,0.8147594003212633
-1.1533377517161998,0.24346886634247147,0.6395953675599263,0.007580159128073443,0.04386572729847368,-0.09844606696802376,0.6834858872224844,-0.369293313991768
2.7724370603088344,0.14339202245122876,1.4549110899932365,0.007580159128073443,0.04386572729847368,1.454712733461784,0.3198838903376051,0.7301842064417611
0.05459295967611858,1.144160461363656,0.23193750634327118,0.007580159128073443,0.04386572729847368,2.0785224156016247,-0.7254718507064228,-0.1155677323532613
-0.5493723960200406,-0.7239406246062081,-0.5018466438467081,-1.0226682013994668,-0.798176753061754,0.11797770030498217,1.1804086162984861,-0.45386850787127025
0.05459295967611858,-0.22355640514999456,-0.012657210386721898,0.007580159128073443,0.04386572729847368,-0.3912546932785614,-0.3073295542888116,1.06848498195977
1.8664890267645962,-0.22355640514999456,0.020378092418557345,0.007580159128073443,0.04386572729847368,0.42351713645510813,-1.040593581339985,-0.369293313991768
0.05459295967611858,1.210878357291151,0.47653222307326426,0.007580159128073443,0.04386572729847368,0.11797770030498217,0.9864875512932174,-0.20014292623276356
0.6585583153722777,0.8439299296899277,0.6395953675599263,0.007580159128073443,0.04386572729847368,-0.3148698342410297,-0.9072728491488624,1.406785757477779
0.3565756375241982,-0.42371009293247996,0.23193750634327118,-0.3473478907628764,0.04386572729847368,0.5126328053322287,0.20777327463143422,2.2525376962728014
-0.247389718171961,-1.1576069481349267,-0.9910360773066942,-1.2477749716116635,0.04386572729847368,-1.295142191889351,-0.10128842272071328,-1.045894865027786
-0.5493723960200406,1.7446215247111123,1.2918479455065746,0.8907393454042059,-0.4127921748127843,1.5947516416972587,0.510774938702167,-0.7921692833892792
1.2625236710684369,-0.05676166533125668,1.1287848010199124,0.007580159128073443,0.04386572729847368,-0.45490874247650437,-0.6618415012515688,-0.9613196711482836
-0.5493723960200406,-0.5571458847874703,0.6395953675599263,1.791166426252993,0.499284660376444,0.21982417902169143,0.707726020348143,-0.369293313991768
-1.1533377517161998,-0.5571458847874703,0.9657216565332504,0.007580159128073443,0.04386572729847368,-0.5185627916744473,0.7986265195693629,2.4216880840318056
0.9605409932203574,0.24346886634247147,-0.338783499360046,2.2413799666773864,-0.34856141177128935,0.8309030513219434,-0.11643850592424994,0.8147594003212633
-1.1533377517161998,-0.9574532603524412,-0.9910360773066942,-0.45990127586897483,-0.772484447845156,-0.4167163129577385,0.1653530416615316,-0.9613196711482836
0.3565756375241982,0.7104941378349375,0.47653222307326426,0.007580159128073443,0.04386572729847368,1.6584056908952016,-0.8709126494603745,1.1530601758392722
-1.1533377517161998,-1.0241711562799363,-0.338783499360046,0.32797241987371395,0.7433615599341248,1.0091343890761835,-0.2921794710852749,-0.707594089509777
-0.247389718171961,0.5770583459799472,-1.4802255107666804,0.007580159128073443,0.04386572729847368,-0.8113714179849845,-0.228549121630421,-0.9613196711482836
0.3565756375241982,-0.890735364424946,-0.012657210386721898,0.4405258049798123,0.04386572729847368,0.729056572605235,-0.32550965413305555,-0.5384437017507725
-0.5493723960200406,-0.5237869368237227,-1.3171623662800183,-0.23479450565677804,0.16528469256067022,-0.37852388343897264,-0.15582872225344524,-0.9613196711482836
-0.8513550738681201,0.27682781430621906,-0.9910360773066942,-0.6850080460811716,0.22951545560216519,-0.42944712279732683,0.6501557041747038,-1.045894865027786
-0.5493723960200406,-0.09012061329500425,0.020378092418557345,0.007580159128073443,0.04386572729847368,-1.5752200083602999,1.0743580338737297,3.267440022826828
-0.5493723960200406,0.00995623059623847,-1.6432886552533423,1.5660596560407962,0.0753616243025773,0.5380944250114061,1.0258777676224125,-0.45386850787127025
0.05459295967611858,0.00995623059623847,-0.338783499360046,0.007580159128073443,0.04386572729847368,0.38532470693634274,-0.2527892547560796,-0.369293313991768
-1.1533377517161998,-0.9574532603524412,-0.9910360773066942,0.007580159128073443,0.04386572729847368,0.42351713645510813,-0.6497214346887396,-0.707594089509777
-1.1533377517161998,0.24346886634247147,3.085542534859857,1.9037198113590914,-0.2843306487297944,4.471914665444279,-0.48004050280912924,-0.6230188956302747
1.8664890267645962,-1.5579143236998976,0.8026585120465883,0.007580159128073443,0.04386572729847368,0.16890093966333636,-0.6497214346887396,0.3918834309237521
-0.8513550738681201,-1.4244785318449071,-0.9910360773066942,1.4535062709346978,-1.3377151626103116,1.4674435433013728,0.6077354712048015,-0.8767444772687815
0.3565756375241982,-0.023402717367509103,-0.012657210386721898,-0.6850080460811716,-0.5155613956791762,-0.7349865589474532,-0.7042617342214715,-0.28471812011226577
-0.8513550738681201,0.7104941378349375,0.9657216565332504,-0.6850080460811716,2.0279768207640236,1.3274046350658981,1.8136820942063179,-0.9613196711482836
-1.1533377517161998,0.5770583459799472,-0.8279729328200321,-1.360328356717762,0.7433615599341248,-1.2569497623705852,-0.8194023665683501,-1.045894865027786
1.8664890267645962,-1.057530104243684,1.0472532287765814,0.32797241987371395,0.04386572729847368,0.37259389709675395,1.0531479173887783,1.9142369207547925
-0.8513550738681201,-0.8240174684974508,-0.6649097883333701,-1.1352215865055653,-0.9009459739281459,-1.7534513461145405,-0.5406408356232758,-1.045894865027786
0.05459295967611858,-0.7572995725699557,-0.338783499360046,1.0032927305103043,0.04386572729847368,0.1052468904653934,-1.0072633982922041,-0.03099253847375907
-0.5493723960200406,-1.5579143236998976,-0.6649097883333701,-0.5724546609750732,-1.2477920943522187,-0.2894082145618526,-0.32550965413305555,-0.03099253847375907
0.3565756375241982,0.5103404500524521,2.9224793903731947,0.007580159128073443,0.04386572729847368,2.142176464799568,-0.7588020337542034,0.30730823704424987
0.6585583153722777,0.8772888776536754,-0.012657210386721898,0.6656325751920091,0.04386572729847368,0.20709336918210267,0.4532046225287276,1.406785757477779
1.2625236710684369,-0.05676166533125668,0.020378092418557345,0.007580159128073443,0.04386572729847368,-0.2512157850430867,-0.8921227659453258,0.3918834309237521
0.6585583153722777,-0.7906585205337033,-1.1540992217933561,0.4405258049798123,0.48643850776814496,0.2580166085404568,-0.14370865569061592,0.8147594003212633
-0.5493723960200406,-1.291042739989917,-0.583378216090039,-0.12224112055067965,-1.1064844156609297,0.614479284048937,0.4592646558101423,-0.7921692833892792
-0.8513550738681201,-0.19019745718624698,-0.17572035487338394,-0.12224112055067965,0.04386572729847368,-0.5822168408723902,-0.828492416490472,-1.045894865027786
-0.8513550738681201,-0.7239406246062081,0.15040593409994016,-1.9230952822482539,-1.3634074678269095,-1.5879508181998887,-0.9951433317293749,-0.45386850787127025
1.5645063489165165,-0.05676166533125668,-0.012657210386721898,-0.79756143118727,-1.2349459417439197,-1.422450290285237,0.7743863864437043,1.2376353697187745
1.5645063489165165,0.04331517855998604,-0.17572035487338394,1.6786130411468947,-0.746792142628558,0.1434393199841597,-0.3133895875702262,0.5610338186827566
0.9605409932203574,2.178287848239831,-1.8063517997400045,0.4405258049798123,3.0813613346445408,0.24528579870086806,1.0561779340294857,0.05358265540574317
-0.247389718171961,0.04331517855998604,2.2702268124265466,0.6656325751920091,1.1287461381830945,3.224295301164598,1.2197988326276814,-0.9613196711482836
-0.8513550738681201,-0.7239406246062081,-0.5018466438467081,-0.009687735444581251,0.5635154234179389,0.0034004117486850487,-0.10128842272071328,0.7301842064417611
2.4704543824607548,-0.9908122083161888,-0.8279729328200321,-2.485862207778746,1.3599768851324763,-0.5567552211932127,1.3591795981002186,0.8993345942007656
0.3565756375241982,0.3435457102337142,0.6395953675599263,0.007580159128073443,0.04386572729847368,-0.6586016999099216,-0.8830327160232038,3.0137144411883217
2.4704543824607548,-1.2576837920261694,-0.012657210386721898,0.21541903476761554,0.04386572729847368,-0.2894082145618526,-0.5467008689046905,1.06848498195977
0.05459295967611858,-0.8573764164611984,-1.3171623662800183,-1.360328356717762,-1.3248690100020126,-1.422450290285237,-0.4164101533542753,-0.6230188956302747
0.3565756375241982,0.5770583459799472,-0.6649097883333701,0.6656325751920091,-0.1558691226468045,-0.42944712279732683,-0.2012789718640552,-0.6230188956302747
0.3565756375241982,-0.19019745718624698,0.15040593409994016,0.007580159128073443,0.04386572729847368,-0.8113714179849845,-0.8375824664125938,-0.28471812011226577
0.05459295967611858,-1.2243248440624217,-1.1540992217933561,-0.79756143118727,-1.3248690100020126,-0.5312936015140356,-0.5194307191383245,-0.45386850787127025
0.05459295967611858,-0.35699219700498486,-0.012657210386721898,2.01627319646519,0.7048231021092278,0.6526717135677033,2.7651073193884184,1.9142369207547925
0.9605409932203574,0.9440067735811706,-0.5018466438467081,1.4535062709346978,2.4390537042295914,0.34713227741757735,0.7289361368330943,0.7301842064417611
0.3565756375241982,0.743853085798685,0.8026585120465883,-0.3473478907628764,1.706823005556549,0.0034004117486850487,-0.07704828959505464,2.083387308513797
-1.1533377517161998,-0.12347956125875183,0.9657216565332504,2.01627319646519,1.0002846121001046,1.76025216961191,0.2229233578349709,-0.20014292623276356
3.980367771701153,1.377673097109889,-0.012657210386721898,1.3409528858285995,-0.48986909046257826,1.1364424874720693,1.0289077842631198,1.1530601758392722
0.9605409932203574,-0.09012061329500425,0.020378092418557345,0.007580159128073443,0.04386572729847368,-0.8622946573433391,-0.8133423332869354,0.30730823704424987
1.2625236710684369,1.8113394206386075,1.4549110899932365,0.5530791900859107,1.8995152946810339,0.21982417902169143,-0.03159803998444469,2.083387308513797
-0.8513550738681201,-0.890735364424946,0.8026585120465883,-0.45990127586897483,0.35797698168515507,0.38532470693634274,-0.7406219339099593,0.8147594003212633
1.5645063489165165,0.27682781430621906,-0.17572035487338394,0.007580159128073443,0.04386572729847368,0.28347822821963437,0.5289550385464109,0.9839097880802677
-0.8513550738681201,-1.4244785318449071,0.6395953675599263,-0.45990127586897483,-1.4790228413016004,-0.8368330376641621,0.3198838903376051,-0.9613196711482836
0.05459295967611858,0.11003307448748119,0.6395953675599263,0.007580159128073443,0.04386572729847368,0.041592841267450456,0.17747310822436094,-0.5384437017507725
0.3565756375241982,-1.4911964277724024,0.8026585120465883,1.3409528858285995,-1.4147920782601056,0.48717118565305106,-0.9739332152444236,0.1381578492852454
0.9605409932203574,1.3109552011823937,1.1287848010199124,0.007580159128073443,0.04386572729847368,-0.20029254568473256,-0.9466630654780576,1.1530601758392722
0.6585583153722777,-0.9908122083161888,-0.8279729328200321,0.32797241987371395,-0.3357152591629904,0.0034004117486850487,-1.189064396734644,1.06848498195977
-1.1533377517161998,0.8439299296899277,1.0472532287765814,2.8041468922078785,0.04386572729847368,1.3783278744242524,-0.3103595709295189,-0.7921692833892792
-1.1533377517161998,-0.5905048327512179,-0.6649097883333701,-0.6850080460811716,-0.4641767852459803,-0.5312936015140356,-0.07098825631363997,-0.8767444772687815
-0.247389718171961,-0.7572995725699557,-1.4802255107666804,-1.1352215865055653,-0.8495613634949499,-0.8113714179849845,-0.9799932485258382,-0.7921692833892792
-0.247389718171961,0.14339202245122876,1.2918479455065746,1.3409528858285995,1.0645153751415994,0.9327495300386517,0.6865159038631917,-0.5384437017507725
-0.247389718171961,1.7446215247111123,-1.1540992217933561,-0.79756143118727,0.5378231182013409,0.11797770030498217,0.3501840567446784,0.22273304316474765
-1.1533377517161998,-1.1909658960986742,-0.338783499360046,0.32797241987371395,0.04386572729847368,0.48717118565305106,-0.7254718507064228,-0.707594089509777
0.9605409932203574,-0.6238637807149654,-0.5018466438467081,0.32797241987371395,0.04386572729847368,0.9072879103594751,-0.4042900867914461,-0.20014292623276356
1.2625236710684369,-1.591273271663645,-0.17572035487338394,1.228399500722501,-1.3248690100020126,0.42351713645510813,0.6895459205038991,0.47645862480325435
-0.247389718171961,0.27682781430621906,-0.6649097883333701,0.007580159128073443,0.04386572729847368,-1.1296416639746993,-0.49519058601266586,-0.9613196711482836
-1.1533377517161998,-1.4578374798086549,1.2918479455065746,-0.009687735444581251,-1.4404843834767034,0.6272100938885258,-0.1315885891277866,-1.045894865027786
-0.247389718171961,-0.35699219700498486,1.4549110899932365,-1.9230952822482539,-0.9523305843613419,-0.45490874247650437,0.05324242595536039,-0.369293313991768
-0.8513550738681201,-1.0241711562799363,-0.6649097883333701,-0.5724546609750732,0.04386572729847368,-0.35306226375979555,-0.8648526161789598,-1.045894865027786
-0.5493723960200406,0.6437762419074423,-1.1540992217933561,0.5530791900859107,-0.3100229539463924,-0.8368330376641621,0.6713658206596551,-0.7921692833892792
-0.5493723960200406,-0.7572995725699557,-1.6432886552533423,-1.5854351269299587,-0.746792142628558,-0.9386795163808704,0.48350478893580096,-1.045894865027786
2.1684717046126756,0.5436993980161996,0.31346907858660217,0.007580159128073443,0.04386572729847368,0.15617012982374848,-0.1740088220976892,0.1381578492852454
-1.1533377517161998,0.6437762419074423,0.9657216565332504,-0.3473478907628764,0.04386572729847368,0.054323651107039225,-0.1346186057684939,-0.9613196711482836
-0.8513550738681201,-0.9908122083161888,-0.8279729328200321,-0.45990127586897483,-1.4276382308684046,-1.5879508181998887,0.013852209626165096,-0.707594089509777
-0.247389718171961,-1.291042739989917,-1.1540992217933561,0.21541903476761554,-1.7230997408592812,0.2962090380592223,-0.4285302199171046,-0.707594089509777
0.3565756375241982,0.27682781430621906,0.8026585120465883,0.007580159128073443,0.04386572729847368,0.9072879103594751,1.4500800973214383,0.30730823704424987
-0.8513550738681201,-0.890735364424946,0.15040593409994016,-0.9101148162933684,-1.0165613474028368,-0.7731789884662191,0.5925853880012648,0.22273304316474765
-0.8513550738681201,-1.3244016879536644,-0.6649097883333701,-1.8105418971421554,-0.7339459900202591,-1.3715270509268827,-0.18915890530122587,-0.8767444772687815
-1.1533377517161998,0.9773657215449181,1.4549110899932365,1.9037198113590914,0.04386572729847368,1.2892122055471327,-0.3224796374923482,-1.045894865027786
0.9605409932203574,1.9781341604573452,0.9657216565332504,-0.9101148162933684,0.512130812984743,0.49990199549263986,0.3289739402597271,1.4913609513572812
-0.247389718171961,-1.0908890522074315,0.15040593409994016,-1.4728817418238604,-0.862407516103249,-0.20029254568473256,0.2229233578349709,0.3918834309237521
0.6585583153722777,-0.25691535311374214,0.020378092418557345,0.007580159128073443,0.04386572729847368,-4.070458736919663,-0.8739426661010818,-0.6230188956302747
-0.5493723960200406,-0.4570690408962276,-0.6649097883333701,0.007580159128073443,0.04386572729847368,-0.14936930632637793,-0.9678731819630089,-1.045894865027786
-0.8513550738681201,-1.1576069481349267,0.47653222307326426,-0.23479450565677804,-1.5432536043430953,0.33440146757798855,-1.1405841304833266,-0.9613196711482836
0.05459295967611858,-0.890735364424946,-0.6649097883333701,0.007580159128073443,0.04386572729847368,0.0034004117486850487,-0.9587831320408869,-0.20014292623276356
0.05459295967611858,-0.25691535311374214,-0.6649097883333701,0.007580159128073443,0.04386572729847368,-0.3912546932785614,-1.0648337144656435,-0.7921692833892792
-0.5493723960200406,0.24346886634247147,0.020378092418557345,0.007580159128073443,0.04386572729847368,0.8309030513219434,-0.5254907524197392,0.6456090125622588
-1.1533377517161998,0.8105709817261803,-0.17572035487338394,0.007580159128073443,0.04386572729847368,0.7545181922844116,-0.4345902531985193,-0.45386850787127025
0.3565756375241982,-1.1909658960986742,-0.338783499360046,-0.12224112055067965,-1.0422536526194348,-0.22575416536390966,-0.3436897539772995,-0.7921692833892792
-0.5493723960200406,-0.12347956125875183,0.6395953675599263,0.007580159128073443,0.04386572729847368,1.391058684263841,0.6531857208154112,-1.045894865027786
-0.8513550738681201,0.21010991837872392,1.2918479455065746,1.1158461156164026,-0.5412537008957742,0.5762868545301716,1.7561117780328783,0.30730823704424987
-0.8513550738681201,-1.3577606359174121,0.15040593409994016,1.3409528858285995,-1.2220997891356207,1.823906218809853,1.8742824270204645,-0.1155677323532613
-1.1533377517161998,1.9114162645298503,1.4549110899932365,-0.23479450565677804,0.04386572729847368,1.5438284023389046,0.6319756043304601,-0.8767444772687815
1.8664890267645962,-0.9240943123886936,-0.012657210386721898,-1.2477749716116635,0.04386572729847368,-1.1296416639746993,0.3562440900260931,1.9142369207547925
-0.5493723960200406,0.17675097041497634,-1.1540992217933561,-0.5724546609750732,1.578361479473559,-0.5440244113536244,3.401410813936958,-0.707594089509777
-0.8513550738681201,-0.657222728678713,0.15040593409994016,0.007580159128073443,0.04386572729847368,0.9582111497178293,-0.5588209354675198,0.7301842064417611
0.6585583153722777,-0.49042798885997513,1.2918479455065746,0.007580159128073443,0.04386572729847368,0.614479284048937,0.7562062865994603,-0.20014292623276356
-1.1533377517161998,-0.9240943123886936,0.020378092418557345,0.007580159128073443,0.04386572729847368,-4.070458736919663,-0.6709315511736909,-0.707594089509777
-0.5493723960200406,-1.2576837920261694,-1.8063517997400045,-0.6850080460811716,-0.9780228895779398,-0.20029254568473256,1.4864402970099262,-1.045894865027786
-0.247389718171961,-1.3911195838811596,0.8026585120465883,0.21541903476761554,-1.0550998052277338,0.28347822821963437,2.4681656885991003,-0.5384437017507725
0.6585583153722777,-0.0004930335758922761,-0.338783499360046,1.3409528858285995,0.04386572729847368,0.8945571005198864,0.7562062865994603,0.6456090125622588
-0.8513550738681201,-0.8240174684974508,-0.17572035487338394,-1.5854351269299587,0.04386572729847368,-1.7534513461145405,-1.0012033650107894,-1.045894865027786
-0.5493723960200406,0.21010991837872392,0.47653222307326426,0.8907393454042059,0.38366928690175306,1.4419819236221953,2.2621245570310022,-0.20014292623276356
0.9605409932203574,1.2775962532186462,-1.4802255107666804,0.32797241987371395,0.29374621864366013,-0.1875617358451438,0.3350339735411418,0.47645862480325435
-0.5493723960200406,1.210878357291151,1.4549110899932365,0.007580159128073443,0.04386572729847368,-0.04752282760966913,0.9925475845746321,2.7599888595498148
-1.1533377517161998,-0.9574532603524412,2.2702268124265466,1.1158461156164026,-1.0294075000111358,1.454712733461784,1.6470311789674144,0.1381578492852454
-0.8513550738681201,0.6104172939436948,0.15040593409994016,-0.3473478907628764,0.35797698168515507,-1.0023335655788133,1.0622379673109004,-0.8767444772687815
-1.1533377517161998,0.6437762419074423,0.020378092418557345,0.007580159128073443,0.04386572729847368,1.3274046350658981,-0.8254623998497647,-0.369293313991768
0.3565756375241982,-0.7572995725699557,0.15040593409994016,-0.23479450565677804,0.04386572729847368,-0.37852388343897264,-0.8315224331311792,-0.1155677323532613
1.2625236710684369,1.9781341604573452,-0.338783499360046,0.7781859602981075,4.4045150532993365,-0.23848497520349798,0.4168444228402397,2.2525376962728014
-0.5493723960200406,-1.7914269594461305,-0.17572035487338394,0.32797241987371395,-1.1064844156609297,-0.8877562770225162,-0.8800026993824964,-0.707594089509777
-0.247389718171961,0.21010991837872392,-0.012657210386721898,-0.45990127586897483,0.48643850776814496,0.054323651107039225,0.21686332455355622,-0.5384437017507725
-0.8513550738681201,0.9773657215449181,-0.9910360773066942,0.007580159128073443,0.04386572729847368,-0.7477173687870415,-0.9042428325081551,-0.9613196711482836
-0.8513550738681201,-0.19019745718624698,0.47653222307326426,-0.009687735444581251,0.35797698168515507,0.5253636151718174,0.05627244259606772,-0.707594089509777
-0.5493723960200406,0.24346886634247147,0.15040593409994016,-0.3473478907628764,0.6791307968926298,0.15617012982374848,0.34412402346326376,-0.707594089509777
0.9605409932203574,-0.25691535311374214,0.31346907858660217,-1.360328356717762,-0.5412537008957742,-1.0405259950975791,-0.03462805662515202,-0.20014292623276356
1.2625236710684369,-1.2576837920261694,0.15040593409994016,0.21541903476761554,0.04386572729847368,0.8054414316427658,-0.06189820639151799,0.47645862480325435
-0.247389718171961,-0.2902743010774897,-1.8063517997400045,-2.1482020524604506,-0.862407516103249,-0.3148698342410297,0.45017460588802033,-0.707594089509777
-1.1533377517161998,0.17675097041497634,0.6395953675599263,0.8907393454042059,0.7433615599341248,0.550825234850994,0.9895175679339248,-0.8767444772687815
0.6585583153722777,-1.1576069481349267,0.6395953675599263,0.007580159128073443,0.04386572729847368,-1.116910854135111,-1.192094413375351,-0.1155677323532613
0.05459295967611858,0.11003307448748119,-0.17572035487338394,-1.2477749716116635,-0.3870998695961863,-0.3912546932785614,2.0197232257744155,0.9839097880802677
-1.1533377517161998,1.9447752124935977,1.4549110899932365,-0.3473478907628764,-0.798176753061754,0.5762868545301716,-0.49519058601266586,0.1381578492852454
-0.247389718171961,0.8772888776536754,-0.5018466438467081,-0.45990127586897483,0.04386572729847368,0.067054460946628,-0.6709315511736909,-0.9613196711482836
-0.5493723960200406,-0.25691535311374214,-0.338783499360046,-0.79756143118727,0.04386572729847368,-0.4167163129577385,-1.1678542802496927,-0.707594089509777
0.3565756375241982,-0.8240174684974508,0.31346907858660217,-0.23479450565677804,0.04386572729847368,0.46170956597387447,-0.3012695210073969,1.5759361452367835
-0.5493723960200406,0.24346886634247147,0.9657216565332504,0.007580159128073443,0.04386572729847368,-0.5058319818348586,-0.5860910852338858,-0.5384437017507725
0.05459295967611858,-1.057530104243684,0.020378092418557345,0.007580159128073443,0.04386572729847368,-0.5058319818348586,0.40169433963670304,-0.20014292623276356
-0.8513550738681201,-0.42371009293247996,-2.7847306666599767,-1.2477749716116635,-0.4127921748127843,-1.1296416639746993,-0.2133990384268845,-0.6230188956302747
-1.1533377517161998,-0.657222728678713,0.23193750634327118,-0.6850080460811716,0.04386572729847368,-4.070458736919663,0.2865537072898245,-1.045894865027786
-0.5493723960200406,-0.32363324904123725,0.47653222307326426,2.353933351783485,-0.1558691226468045,0.9454803398782405,-0.9163628990709844,-0.7921692833892792
-1.1533377517161998,-0.49042798885997513,-0.9910360773066942,-0.45990127586897483,0.04386572729847368,-0.7095249392682762,-1.043623597980692,-0.8767444772687815
-0.8513550738681201,1.9781341604573452,-0.6649097883333701,0.10286564966151714,0.35797698168515507,0.2707474183800456,-0.45277035304276325,0.3918834309237521
-0.8513550738681201,0.7104941378349375,1.1287848010199124,0.10286564966151714,2.2848998729300036,-0.23848497520349798,1.2561590323161695,-0.8767444772687815
-0.5493723960200406,1.1775194093274035,0.15040593409994016,0.6656325751920091,3.6979766598428925,0.9454803398782405,-1.040593581339985,-0.28471812011226577
0.3565756375241982,-0.32363324904123725,-0.5018466438467081,0.007580159128073443,0.04386572729847368,0.7417873824448229,-0.6557814679701542,0.6456090125622588
0.9605409932203574,-0.8240174684974508,0.31346907858660217,0.32797241987371395,-0.785330600453455,1.1364424874720693,1.1925286828613155,-0.1155677323532613
-1.1533377517161998,-0.4570690408962276,-0.338783499360046,-1.0226682013994668,0.04386572729847368,-0.5949476507119785,0.9380072850419001,-0.1155677323532613
1.2625236710684369,2.144928900276083,1.4549110899932365,0.6656325751920091,0.9360538490586096,0.3216706577383998,-0.16491877217556722,0.30730823704424987
0.05459295967611858,0.4769815020887045,-0.17572035487338394,0.007580159128073443,0.04386572729847368,-0.09844606696802376,2.134863858121294,-0.9613196711482836
2.1684717046126756,-1.2243248440624217,0.15040593409994016,0.007580159128073443,0.04386572729847368,-0.23848497520349798,-0.5376108189825685,0.1381578492852454
1.2625236710684369,-0.05676166533125668,0.47653222307326426,0.007580159128073443,0.04386572729847368,-0.8877562770225162,-0.20733900514546985,2.59083847179081
0.3565756375241982,-0.6238637807149654,2.9224793903731947,0.8907393454042059,0.04386572729847368,0.9200187201990638,-0.5224607357790318,2.6754136656703125
-0.8513550738681201,-0.7572995725699557,-0.012657210386721898,0.10286564966151714,-1.7230997408592812,0.8436338611615322,-0.19824895522334784,-1.045894865027786
-0.8513550738681201,0.07667412652373362,0.15040593409994016,0.7781859602981075,0.04386572729847368,-0.5312936015140356,-1.143614147124034,-0.28471812011226577
1.5645063489165165,-1.6579911675911403,0.47653222307326426,-0.45990127586897483,0.04386572729847368,-0.04752282760966913,-0.5982111517967149,0.3918834309237521
-0.247389718171961,1.3443141491461414,-1.6432886552533423,1.0032927305103043,0.04386572729847368,0.6654025234072921,0.5289550385464109,-0.7921692833892792
1.5645063489165165,-2.1583753870473537,0.6395953675599263,0.8907393454042059,0.04386572729847368,0.1052468904653934,-1.1557342136868634,0.6456090125622588
-0.5493723960200406,1.7779804726748598,1.2918479455065746,0.007580159128073443,0.04386572729847368,-1.1551032836538768,-0.4588303863241779,-0.9613196711482836
-0.8513550738681201,2.5785952238048018,0.31346907858660217,1.5660596560407962,0.04386572729847368,1.391058684263841,2.7772273859512477,-0.9613196711482836
0.6585583153722777,-0.5571458847874703,-0.17572035487338394,0.32797241987371395,-1.0807921104443317,-0.14936930632637793,-1.0769537810284728,0.30730823704424987
-1.1533377517161998,-0.49042798885997513,-0.8279729328200321,0.10286564966151714,-1.0037151947945377,0.5890176643697603,0.8471067858206802,-0.707594089509777
-0.5493723960200406,-1.057530104243684,-0.17572035487338394,-1.360328356717762,0.04386572729847368,-0.5949476507119785,-1.189064396734644,-0.9613196711482836
-0.8513550738681201,0.11003307448748119,-1.8063517997400045,1.228399500722501,0.1909769977772682,0.16890093966333636,1.4682601971656823,-0.45386850787127025
0.05459295967611858,0.4102636061612093,-0.012657210386721898,0.007580159128073443,0.04386572729847368,-1.0405259950975791,-0.607301201718837,2.2525376962728014
1.8664890267645962,-0.6905816766424606,1.1287848010199124,0.8907393454042059,0.04386572729847368,1.7347905499327334,1.995483092648757,0.3918834309237521
0.6585583153722777,1.4443909930373842,-0.338783499360046,-0.3473478907628764,0.2038231503855672,0.20709336918210267,0.46532468909155694,1.3222105635982768
0.9605409932203574,2.4451594319498113,-0.17572035487338394,0.4405258049798123,-0.09163835960530956,-0.8750254671829274,-0.9527230987594723,1.8296617268752902
-0.8513550738681201,-1.3911195838811596,0.15040593409994016,-2.0356486673543523,-1.1835613313107236,-0.2512157850430867,0.15020295845799495,-0.9613196711482836
2.7724370603088344,-1.5245553757361499,-0.9910360773066942,0.007580159128073443,0.04386572729847368,0.1052468904653934,-0.9012128158674478,0.6456090125622588
2.1684717046126756,0.44362255412495694,0.020378092418557345,0.007580159128073443,0.04386572729847368,2.5877548091851685,0.30473380713406845,0.5610338186827566
-0.8513550738681201,-0.49042798885997513,-1.8063517997400045,-1.1352215865055653,0.04386572729847368,-0.46763955231609267,-0.8981827992267405,-0.369293313991768
0.05459295967611858,-0.9908122083161888,0.6395953675599263,0.007580159128073443,0.04386572729847368,1.3019430153867215,-0.7285018673471302,-0.369293313991768
-0.5493723960200406,-0.32363324904123725,-0.5018466438467081,-0.79756143118727,0.04386572729847368,-0.8877562770225162,-0.5164007024976172,-0.7921692833892792
0.3565756375241982,-0.22355640514999456,0.31346907858660217,0.007580159128073443,0.04386572729847368,-0.09844606696802376,-0.4073201034321533,0.8993345942007656
0.3565756375241982,-1.6246322196273926,-0.9910360773066942,0.007580159128073443,0.04386572729847368,-0.6586016999099216,-0.6345713514852029,-0.5384437017507725
0.6585583153722777,2.0448520563848405,1.7810373789665606,0.007580159128073443,0.04386572729847368,1.1237116776324805,2.980238500878639,0.9839097880802677
-0.8513550738681201,-0.32363324904123725,-0.012657210386721898,0.10286564966151714,0.3065923712519591,0.308939847898811,0.1532329750987023,-0.707594089509777
0.6585583153722777,-0.35699219700498486,-0.6649097883333701,1.1158461156164026,0.04386572729847368,0.28347822821963437,-0.6588114846108616,-0.7921692833892792
0.05459295967611858,-0.890735364424946,-0.9910360773066942,0.32797241987371395,0.04386572729847368,0.43624794629469693,-0.5860910852338858,-0.45386850787127025
0.9605409932203574,-0.42371009293247996,0.6395953675599263,0.21541903476761554,0.04386572729847368,0.49990199549263986,1.9682129428823913,0.8147594003212633
0.3565756375241982,2.178287848239831,0.31346907858660217,-0.23479450565677804,0.7048231021092278,1.4801743531409617,1.68642139529661,1.6605113391162856
-0.5493723960200406,-0.4570690408962276,-1.6432886552533423,-0.3473478907628764,-1.1450228734858268,0.067054460946628,-0.48307051944983653,-0.9613196711482836
-0.5493723960200406,-1.1576069481349267,0.020378092418557345,-0.6850080460811716,0.04386572729847368,-0.3912546932785614,0.8955870520719975,-0.707594089509777
-0.247389718171961,-0.8573764164611984,-1.3171623662800183,0.5530791900859107,-0.47702293785427924,-0.925948706541282,1.4137198976329504,0.47645862480325435
0.9605409932203574,-0.7239406246062081,0.020378092418557345,0.007580159128073443,0.04386572729847368,-0.2512157850430867,0.019912242907579758,-0.1155677323532613
-0.8513550738681201,-0.0004930335758922761,-0.338783499360046,0.6656325751920091,0.04386572729847368,0.0034004117486850487,-0.2679393379596163,-0.9613196711482836
-0.5493723960200406,0.11003307448748119,-0.9910360773066942,-1.0226682013994668,-0.1558691226468045,0.2325549888612793,-1.179974346812522,-0.20014292623276356
-0.5493723960200406,-0.657222728678713,1.1287848010199124,0.7781859602981075,-0.4127921748127843,1.7220597400931446,-1.061803697824936,-0.8767444772687815
1.5645063489165165,-0.09012061329500425,0.6395953675599263,0.6656325751920091,0.04386572729847368,-0.37852388343897264,-0.6497214346887396,-0.369293313991768
-1.1533377517161998,-0.09012061329500425,-0.6649097883333701,-1.2477749716116635,-0.772484447845156,0.37259389709675395,0.7501462533180456,-0.8767444772687815
-1.1533377517161998,1.9447752124935977,-0.5018466438467081,1.1158461156164026,0.04386572729847368,1.276481395707544,4.289205689664204,-0.707594089509777
-0.5493723960200406,-0.7906585205337033,-0.9910360773066942,-1.360328356717762,-0.4127921748127843,0.34713227741757735,-0.8466725163347159,-0.9613196711482836
0.05459295967611858,1.0774425654361608,-0.012657210386721898,-0.009687735444581251,-0.3357152591629904,-0.08571525712843499,-0.42247018663568997,0.30730823704424987
0.6585583153722777,2.2783646921310736,1.6179742344798986,0.007580159128073443,0.04386572729847368,0.4489787561342857,-0.6042711850781296,2.7599888595498148
0.05459295967611858,-0.19019745718624698,-0.012657210386721898,-1.9230952822482539,-0.8367152108866509,-1.2569497623705852,-0.04371810654727401,0.30730823704424987
-1.1533377517161998,-0.1568385092224994,-0.5018466438467081,0.21541903476761554,0.46074620255154697,-0.14936930632637793,0.04718239267394573,-0.9613196711482836
-1.1533377517161998,-1.2576837920261694,0.8026585120465883,0.21541903476761554,-0.34856141177128935,0.792710621803178,-0.7406219339099593,-0.8767444772687815
-0.247389718171961,1.7112625767473648,0.8026585120465883,2.128826581571288,4.019130475050367,0.8181722414823546,5.0285297499967925,-0.707594089509777
-1.1533377517161998,1.9781341604573452,1.2918479455065746,1.6786130411468947,4.597207342423822,1.4419819236221953,-0.7739521169577401,-0.6230188956302747
-0.247389718171961,-0.7572995725699557,-0.8279729328200321,-1.1352215865055653,-1.0037151947945377,-1.295142191889351,-0.6012411684374223,-0.6230188956302747
-0.247389718171961,-0.35699219700498486,-1.3171623662800183,1.1158461156164026,0.04386572729847368,-0.23848497520349798,0.24110345767921487,-0.28471812011226577
-1.1533377517161998,-0.5905048327512179,-0.6649097883333701,0.8907393454042059,-1.1321767208775277,0.20709336918210267,0.09869267556597035,-0.9613196711482836
-0.8513550738681201,1.5111088889648792,0.15040593409994016,-1.360328356717762,-0.10448451221360855,-1.091449234455934,-0.09219837279859129,-0.03099253847375907
-0.247389718171961,-0.35699219700498486,-1.1540992217933561,0.21541903476761554,-1.3890997730435075,-0.3148698342410297,-0.14370865569061592,-0.9613196711482836
-0.8513550738681201,-0.09012061329500425,-2.2955412331999905,2.01627319646519,-1.1450228734858268,0.4489787561342857,-0.5982111517967149,-0.707594089509777
0.3565756375241982,-1.124248000171179,-0.5018466438467081,-0.9101148162933684,-1.6588689778177863,-0.9641411360600479,-0.41035012007286065,-0.28471812011226577
0.05459295967611858,0.8439299296899277,0.15040593409994016,-0.45990127586897483,1.809592226422941,0.37259389709675395,-0.2800594045224456,-0.28471812011226577
-0.8513550738681201,-1.1576069481349267,-0.338783499360046,0.5530791900859107,-0.9651767369696408,0.7163257627656463,-0.2315791382711283,-0.7921692833892792
-1.1533377517161998,-0.7239406246062081,-0.17572035487338394,-0.3473478907628764,-1.3120228573937136,-0.14936930632637793,0.3623041233075077,-1.045894865027786
-0.8513550738681201,0.00995623059623847,1.4549110899932365,2.4664867368895833,0.8718230860171147,2.256753753355866,-0.46186040296488523,-0.20014292623276356
-0.247389718171961,-0.2902743010774897,-2.2955412331999905,-1.8105418971421554,0.04386572729847368,-1.2187573328518198,-1.0224134814957409,-0.9613196711482836
-1.1533377517161998,0.11003307448748119,1.9441005234532227,0.007580159128073443,0.04386572729847368,-1.206026523012231,-0.6527514513294469,-1.045894865027786
0.05459295967611858,2.245005744167326,3.085542534859857,0.21541903476761554,0.04386572729847368,-0.44217793263691557,0.6137955044862161,0.30730823704424987
0.9605409932203574,1.2442373052548987,-0.5018466438467081,0.007580159128073443,0.04386572729847368,-0.20029254568473256,-0.28611943780386023,0.22273304316474765
1.2625236710684369,-0.890735364424946,-0.012657210386721898,0.007580159128073443,0.04386572729847368,0.614479284048937,0.022942259548287085,1.9988121146342945
-1.1533377517161998,0.21010991837872392,-0.338783499360046,-1.1352215865055653,0.35797698168515507,-0.1875617358451438,2.7681373360291257,-0.707594089509777
-1.1533377517161998,0.07667412652373362,-0.17572035487338394,-1.0226682013994668,0.04386572729847368,-0.5822168408723902,-0.6769915844551055,0.22273304316474765
-0.5493723960200406,2.5118773278773063,-0.17572035487338394,7.869049221982307,0.04386572729847368,0.34713227741757735,0.29564375721194647,2.4216880840318056
0.05459295967611858,-0.32363324904123725,0.47653222307326426,1.228399500722501,0.04386572729847368,0.9454803398782405,-0.7315318839878374,0.3918834309237521
-0.8513550738681201,-0.5571458847874703,-1.1540992217933561,0.007580159128073443,0.04386572729847368,-0.9768719458996362,-0.8800026993824964,-1.045894865027786
-1.1533377517161998,-0.5905048327512179,0.31346907858660217,0.007580159128073443,0.04386572729847368,-1.7279897264353634,0.31685387369689777,-0.5384437017507725
0.05459295967611858,-0.3903511449687324,0.31346907858660217,-1.0226682013994668,-0.6697152269787641,-0.45490874247650437,-1.089073847591302,-0.5384437017507725
-0.8513550738681201,-0.35699219700498486,-0.8279729328200321,-1.8105418971421554,0.38366928690175306,-1.015064375418402,-1.0284735147771555,-0.8767444772687815
0.3565756375241982,-0.1568385092224994,1.6179742344798986,0.007580159128073443,0.04386572729847368,0.2707474183800456,-0.42550020327639726,0.3918834309237521
1.2625236710684369,0.14339202245122876,0.15040593409994016,1.0032927305103043,-0.9908690421862388,-0.7731789884662191,-0.9557531154001796,0.47645862480325435
-0.8513550738681201,0.44362255412495694,-1.4802255107666804,0.007580159128073443,0.04386572729847368,-0.6713325097495103,0.6350056209711674,2.4216880840318056
-0.8513550738681201,-1.3911195838811596,-1.3986939385233492,0.007580159128073443,0.04386572729847368,-1.6388740575582428,-0.6648715178922762,-1.045894865027786
1.8664890267645962,0.00995623059623847,-0.338783499360046,0.007580159128073443,0.04386572729847368,-0.09844606696802376,-0.6648715178922762,0.6456090125622588
-1.1533377517161998,0.5103404500524521,0.9657216565332504,-0.23479450565677804,0.04386572729847368,-0.5949476507119785,-0.746681967191374,2.167962502393299
-0.247389718171961,-1.057530104243684,0.47653222307326426,0.007580159128073443,0.04386572729847368,1.3655970645846645,0.24716349096062953,-1.045894865027786
-0.8513550738681201,-1.2243248440624217,-0.5018466438467081,-0.009687735444581251,0.04386572729847368,-0.6840633195890986,-0.3830799703064948,-0.20014292623276356
-0.8513550738681201,0.21010991837872392,-1.9694149442266664,1.791166426252993,0.5378231182013409,1.0855192481137153,0.410784389558825,-0.7921692833892792
-1.1533377517161998,-0.05676166533125668,0.15040593409994016,-1.2477749716116635,-1.1450228734858268,-0.1875617358451438,-0.5830610685931784,-0.6230188956302747
-0.8513550738681201,2.478518379913559,0.31346907858660217,0.7781859602981075,1.2443615116577853,0.5762868545301716,1.204648749424145,-0.369293313991768
-0.5493723960200406,-0.49042798885997513,0.15040593409994016,0.10286564966151714,-0.6697152269787641,0.20709336918210267,-0.22248908834900633,-0.8767444772687815
0.05459295967611858,0.24346886634247147,1.1287848010199124,-1.0226682013994668,1.514130716432064,0.3980555167759315,-0.746681967191374,-0.8767444772687815
-1.1533377517161998,1.9114162645298503,-1.8063517997400045,0.7781859602981075,0.08820777691087629,0.7417873824448229,-0.06795823967293266,-0.9613196711482836
-0.8513550738681201,-0.32363324904123725,0.6395953675599263,1.791166426252993,-0.2586383435131964,0.3598630872571652,-0.7891022001612767,-0.7921692833892792
0.3565756375241982,1.3443141491461414,2.596353101399871,0.007580159128073443,0.04386572729847368,0.729056572605235,-0.9890832984479602,1.5759361452367835
-0.247389718171961,1.6445446808198696,-0.012657210386721898,0.4405258049798123,-0.22009988568829947,0.16890093966333636,-0.8436424996940085,-0.7921692833892792
-0.247389718171961,1.377673097109889,-0.17572035487338394,-1.2477749716116635,-0.6054844639372692,-0.04752282760966913,-0.6345713514852029,-0.45386850787127025
0.05459295967611858,1.7112625767473648,-0.17572035487338394,-1.6979885120360572,0.2038231503855672,-0.2894082145618526,-0.35277980389942154,-0.03099253847375907
0.9605409932203574,-0.657222728678713,0.15040593409994016,1.228399500722501,-0.6054844639372692,0.6654025234072921,-0.828492416490472,0.9839097880802677
0.6585583153722777,-0.5905048327512179,0.15040593409994016,-1.2477749716116635,0.049669319085979324,-0.2639465948826755,0.7410562033959237,0.6456090125622588
0.6585583153722777,1.3443141491461414,-0.8279729328200321,0.007580159128073443,0.04386572729847368,-0.9768719458996362,-0.9072728491488624,1.406785757477779
-0.5493723960200406,-1.124248000171179,-1.1540992217933561,-0.3473478907628764,-1.7487920460758792,-0.45490874247650437,0.8743769355870462,-0.9613196711482836
1.2625236710684369,-0.3903511449687324,0.31346907858660217,0.007580159128073443,0.04386572729847368,-0.5312936015140356,-0.7285018673471302,2.083387308513797
1.5645063489165165,0.7772120337624326,1.2918479455065746,0.5530791900859107,0.16528469256067022,-0.2130233555243209,0.8895270187905828,1.6605113391162856
0.05459295967611858,-0.3903511449687324,-0.5018466438467081,0.007580159128073443,0.04386572729847368,-0.009330398090903722,-0.019477973421615537,-0.369293313991768
0.05459295967611858,0.3435457102337142,1.1287848010199124,0.21541903476761554,0.04386572729847368,-0.5058319818348586,-0.17703883873839654,2.506263277911308
-0.5493723960200406,-0.7239406246062081,-0.17572035487338394,2.5790401219956816,-1.2220997891356207,1.0855192481137153,0.6047054545640942,-0.707594089509777
1.2625236710684369,1.0774425654361608,0.47653222307326426,0.32797241987371395,0.04386572729847368,0.054323651107039225,-0.10431843936142061,0.9839097880802677
-1.1533377517161998,-0.657222728678713,-0.6649097883333701,1.9037198113590914,-0.9523305843613419,1.0982500579533039,0.05627244259606772,-1.045894865027786
-0.8513550738681201,1.9781341604573452,0.47653222307326426,1.4535062709346978,1.809592226422941,1.0218651989157723,2.3651451228150515,-0.9613196711482836
-0.5493723960200406,-0.32363324904123725,1.1287848010199124,1.4535062709346978,0.10105392951917529,0.8181722414823546,-0.7012317175807642,-0.45386850787127025
0.9605409932203574,0.6771351898711899,-0.9910360773066942,0.4405258049798123,0.48643850776814496,-0.40398550311814974,0.6350056209711674,2.3371128901523037
-0.247389718171961,-0.657222728678713,-2.2955412331999905,-1.0226682013994668,-0.746792142628558,-0.14936930632637793,-0.23460915491183565,-0.6230188956302747
-0.247389718171961,-1.3577606359174121,1.1287848010199124,-1.4728817418238604,-1.1064844156609297,-0.5694860310328015,-0.5194307191383245,-0.9613196711482836
-0.247389718171961,0.6771351898711899,0.6395953675599263,-1.5854351269299587,0.04386572729847368,0.054323651107039225,-0.8406124830533012,2.506263277911308
2.1684717046126756,-0.35699219700498486,0.9657216565332504,1.228399500722501,0.04386572729847368,1.8875602680077959,1.3561495814595115,0.9839097880802677
-0.8513550738681201,-0.8573764164611984,-0.6649097883333701,-0.23479450565677804,-0.8367152108866509,0.15617012982374848,-0.5709410020303491,-1.045894865027786
-0.5493723960200406,2.5118773278773063,-0.17572035487338394,1.791166426252993,5.021130378497689,-0.1875617358451438,-0.9678731819630089,1.6605113391162856
-0.8513550738681201,-1.057530104243684,-0.8279729328200321,-1.2477749716116635,-1.1964074839190226,-0.8750254671829274,2.3954452892221245,-0.707594089509777
0.9605409932203574,1.0107246695086656,1.2918479455065746,1.6786130411468947,0.04386572729847368,2.2949461828746314,-0.42550020327639726,0.22273304316474765
-0.8513550738681201,-0.9574532603524412,-1.3171623662800183,-2.0356486673543523,0.04386572729847368,-1.206026523012231,-0.1830988720198112,-0.9613196711482836
1.8664890267645962,0.11003307448748119,-0.17572035487338394,-0.3473478907628764,-0.47702293785427924,-0.11117687680761208,-0.8254623998497647,0.6456090125622588
-0.8513550738681201,-0.7239406246062081,-0.012657210386721898,-1.9230952822482539,-1.0550998052277338,-0.8495638475037504,0.5471351383906549,-0.45386850787127025
0.9605409932203574,-0.5571458847874703,0.020378092418557345,0.007580159128073443,0.04386572729847368,-4.070458736919663,-0.5224607357790318,-0.7921692833892792
0.05459295967611858,-1.291042739989917,1.1287848010199124,-1.1352215865055653,0.04386572729847368,-0.3403314539202068,-0.4861005360905439,0.05358265540574317
1.5645063489165165,-0.5237869368237227,-1.6432886552533423,0.007580159128073443,0.04386572729847368,-0.09844606696802376,-0.29520948772598227,0.7301842064417611
-1.1533377517161998,-0.890735364424946,1.0472532287765814,-0.45990127586897483,-1.4918689939098995,0.6908641430864687,-0.6982017009400568,-0.7921692833892792
0.05459295967611858,0.04331517855998604,0.6395953675599263,-1.5854351269299587,0.3065923712519591,0.0034004117486850487,-0.10431843936142061,0.05358265540574317
1.5645063489165165,0.7772120337624326,0.6395953675599263,1.9037198113590914,-0.2843306487297944,0.7545181922844116,0.48350478893580096,0.5610338186827566
-0.8513550738681201,0.14339202245122876,-0.9910360773066942,0.007580159128073443,0.04386572729847368,-0.23848497520349798,-0.3891400035879095,1.1530601758392722
0.6585583153722777,2.4118004839860636,0.47653222307326426,0.007580159128073443,0.04386572729847368,-1.078718424616345,-1.0557436645435214,2.167962502393299
-0.8513550738681201,-0.25691535311374214,-0.5018466438467081,0.7781859602981075,0.6149000338511349,0.7799798119635892,-0.5709410020303491,-1.045894865027786
0.6585583153722777,1.4777499410011317,0.15040593409994016,0.007580159128073443,0.04386572729847368,-0.6840633195890986,-0.5254907524197392,2.7599888595498148
-1.1533377517161998,-0.7906585205337033,0.8026585120465883,-1.5854351269299587,-0.875253668711548,-0.8622946573433391,-0.5406408356232758,-0.9613196711482836
-0.8513550738681201,0.743853085798685,0.8026585120465883,1.9037198113590914,0.35797698168515507,1.7984445991306763,-0.43156023655781195,1.06848498195977
0.6585583153722777,0.11003307448748119,0.47653222307326426,0.21541903476761554,0.04386572729847368,-0.5567552211932127,0.2653435908048732,1.3222105635982768
2.7724370603088344,-0.5237869368237227,-0.17572035487338394,0.007580159128073443,0.04386572729847368,0.28347822821963437,-0.6860816343772275,1.5759361452367835
0.05459295967611858,-0.7572995725699557,0.31346907858660217,-1.5854351269299587,-1.2991767047854146,-1.116910854135111,-0.7709221003170328,-1.045894865027786
-0.8513550738681201,-0.22355640514999456,-0.17572035487338394,0.10286564966151714,-0.72109983741196,0.33440146757798855,0.1562629917394096,-0.1155677323532613
-1.1533377517161998,0.6104172939436948,-0.583378216090039,-0.3473478907628764,-0.2843306487297944,1.3528662547450758,-0.14067863904990857,-0.7921692833892792
0.9605409932203574,0.3769046581974618,0.9657216565332504,0.007580159128073443,0.04386572729847368,1.0473268185949498,0.6622757707375331,0.30730823704424987
0.9605409932203574,1.5444678369286269,1.2918479455065746,1.4535062709346978,2.1692844994553124,0.792710621803178,0.9380072850419001,0.5610338186827566
0.6585583153722777,1.0774425654361608,0.15040593409994016,0.32797241987371395,0.524976965593042,-0.3403314539202068,1.095568150358681,0.47645862480325435
-0.8513550738681201,0.00995623059623847,-0.6649097883333701,0.32797241987371395,0.049669319085979324,0.3980555167759315,0.6501557041747038,-0.28471812011226577
-0.8513550738681201,-1.6913501155548878,-0.8279729328200321,0.007580159128073443,0.04386572729847368,-1.295142191889351,-0.18612888866051852,-0.6230188956302747
-1.1533377517161998,-0.12347956125875183,-0.6649097883333701,-0.6850080460811716,-0.811022905670053,-4.070458736919663,3.798342993869617,-1.045894865027786
-0.5493723960200406,-1.0908890522074315,1.4549110899932365,0.10286564966151714,0.04386572729847368,0.1943625593425139,-0.5618509521082271,0.7301842064417611
1.8664890267645962,0.8772888776536754,0.9657216565332504,2.128826581571288,1.0902076803581975,0.7163257627656463,1.586430846153268,1.4913609513572812
-0.5493723960200406,-1.057530104243684,0.6395953675599263,-1.6979885120360572,-1.2477920943522187,-0.9641411360600479,-0.6921416676586422,-0.7921692833892792
-0.8513550738681201,-1.4911964277724024,-1.3171623662800183,0.10286564966151714,-1.2349459417439197,0.16890093966333636,2.3439350063300997,-0.7921692833892792
-1.1533377517161998,0.11003307448748119,-0.338783499360046,0.007580159128073443,0.04386572729847368,-0.925948706541282,-0.8224323832090573,-1.045894865027786
-0.8513550738681201,0.4769815020887045,0.15040593409994016,2.353933351783485,0.6662846442843309,0.6908641430864687,-0.23763917155254297,-0.7921692833892792
-0.5493723960200406,-0.32363324904123725,0.23193750634327118,0.32797241987371395,0.04386572729847368,0.4744403758134632,-0.9981733483700822,-1.045894865027786
-0.8513550738681201,-0.42371009293247996,-0.9910360773066942,-2.3733088226726475,0.38366928690175306,-0.8368330376641621,1.4228099475550724,-1.045894865027786
-0.8513550738681201,1.677903628783617,-0.338783499360046,2.2413799666773864,5.483591872396452,1.3274046350658981,0.680455870581777,-0.45386850787127025
-0.5493723960200406,-0.4570690408962276,-0.8279729328200321,0.32797241987371395,-1.2349459417439197,-0.8622946573433391,-1.0587736811842288,-1.045894865027786
0.05459295967611858,-0.6238637807149654,-0.9910360773066942,0.4405258049798123,0.512130812984743,-1.015064375418402,1.4803802637285115,-0.03099253847375907
1.8664890267645962,1.5444678369286269,0.15040593409994016,0.007580159128073443,0.04386572729847368,0.7672490021240004,0.18050312486506825,0.05358265540574317
-1.1533377517161998,-0.35699219700498486,-0.583378216090039,0.007580159128073443,0.04386572729847368,-0.9386795163808704,0.5531951716720696,-0.20014292623276356
-0.8513550738681201,-0.5237869368237227,-0.17572035487338394,-0.12224112055067965,-0.22009988568829947,0.28347822821963437,-1.0163534482143262,-0.9613196711482836
-1.1533377517161998,-0.657222728678713,1.1287848010199124,-1.360328356717762,-0.6054844639372692,-0.3403314539202068,0.6592457540968257,-0.5384437017507725
0.3565756375241982,-0.25691535311374214,0.15040593409994016,0.007580159128073443,0.04386572729847368,-0.900487086862105,0.807716569491485,1.9988121146342945
-0.8513550738681201,-0.2902743010774897,-0.6649097883333701,0.6656325751920091,0.04386572729847368,0.20709336918210267,0.19868322470931224,-1.045894865027786
1.2625236710684369,2.211646796203578,0.47653222307326426,0.007580159128073443,0.04386572729847368,2.0275991762432706,-1.0315035314178629,0.8147594003212633
-0.5493723960200406,0.4102636061612093,-0.17572035487338394,0.007580159128073443,0.04386572729847368,-0.3912546932785614,0.19565320806860492,-0.8767444772687815
0.05459295967611858,-1.5245553757361499,-0.8279729328200321,0.007580159128073443,0.04386572729847368,0.2580166085404568,-0.26187930467820164,-0.707594089509777
-0.8513550738681201,-0.8240174684974508,-0.17572035487338394,1.228399500722501,0.04386572729847368,0.7799798119635892,-0.7860721835205694,-0.28471812011226577
1.8664890267645962,-0.35699219700498486,-0.17572035487338394,-0.23479450565677804,0.04386572729847368,-0.5694860310328015,-1.0193834648550335,0.5610338186827566
0.05459295967611858,0.743853085798685,-1.1540992217933561,-0.12224112055067965,-0.1558691226468045,-0.3148698342410297,-0.5770010353117638,0.30730823704424987
