Pregnancies,Glucose,BloodPressure,SkinThickness,Insulin,BMI,DiabetesPedigreeFunction,Age
-0.8513550738681201,-1.0558080124942575,-0.8266255928786951,-1.9205083108014527,-1.1871051981106429,-0.6076784605515674,0.31079384041548314,-0.7921692833892792
0.3565756375241982,0.1441364742242439,0.47719144020995496,-0.25500950165514463,-1.420655523044868,-0.3021390244014409,-0.11643850592424994,0.5610338186827566
-0.5493723960200406,-0.5558311430282152,-1.1525798511508576,1.188422799604989,-0.61991155184181,0.37259389709675395,-0.7648620670356181,-0.707594089509777
-0.8513550738681201,0.8107723001789668,-1.315556980286939,-0.06583340224194023,0.6857135665540427,-0.2894082145618526,0.26231357416416584,-0.369293313991768
-1.1533377517161998,-0.8891490560055767,-0.6636484637426138,1.0773895456619018,-0.49757566735245384,1.6074824515368475,-0.33762972069588487,-0.9613196711482836
0.3565756375241982,2.244039325981621,-0.6636484637426138,0.41119002200337856,1.9491420224346683,-0.09844606696802376,0.3198838903376051,-0.369293313991768
-1.1533377517161998,0.5441179697970777,-0.9896027220147763,0.6332565298895529,0.19195386340573511,0.33440146757798855,0.17141307494294628,-1.045894865027786
0.9605409932203574,1.8773896217065238,0.9661228276181987,0.5850460284995098,1.4147269190538792,1.0091343890761835,-0.4436803031206413,0.6456090125622588
-0.5493723960200406,-1.0558080124942575,-0.9896027220147763,-0.41160456697282216,-0.7207661265760474,-1.078718424616345,-0.8678826328196672,-0.707594089509777
0.6585583153722777,-0.9891444298987851,1.6180313441625238,0.08250117497312555,-0.7490443783772761,-1.5370275788415344,-0.8769726827417892,-0.45386850787127025
0.3565756375241982,-1.2224669689829382,0.15123718193779245,-0.8101757713705806,-0.9241034625927845,-0.37852388343897264,2.2621245570310022,-0.1155677323532613
0.6585583153722777,-1.389125925471619,0.6401685693460362,0.7442897838326401,-0.9441277144622111,0.9964035792365947,-0.9103028657895698,-0.45386850787127025
0.9605409932203574,-1.9890981688308698,0.47719144020995496,-0.3441088281174942,-1.462430619365659,0.07978527078621676,-0.26187930467820164,0.6456090125622588
0.6585583153722777,-0.15584964745538146,1.9439856024346862,0.3232967387631809,-0.13560672003787205,-0.4167163129577385,-0.9709031986037162,-0.28471812011226577
0.6585583153722777,2.444030073768038,-0.17471707633437006,0.4982017819438204,1.8727194471183022,-0.1366384964867896,-0.45277035304276325,-0.20014292623276356
0.6585583153722777,-0.5558311430282152,0.6401685693460362,-0.14397624771205741,-0.4059177693305673,0.067054460946628,1.213738799346267,-0.6230188956302747
0.05459295967611858,0.7774405088812307,0.8031456984821175,-1.2543087871429295,0.47023924078900853,0.067054460946628,-0.7345619006285448,3.0982896350678235
1.8664890267645962,0.010809309033299299,0.47719144020995496,0.18912351411720418,0.04155422800772055,-0.5567552211932127,0.10475270884738501,0.9839097880802677
-0.8513550738681201,-0.9621942573156086,0.15123718193779245,-1.032242279256755,-1.4095340790003812,-0.5440244113536244,-0.5406408356232758,-1.045894865027786
-0.5493723960200406,0.04414110033103545,-1.967465496831264,0.30015676806029135,0.16971097531676127,1.2892122055471327,0.12899284197304364,-0.6230188956302747
1.8664890267645962,-0.22251323005085374,2.1069627315707673,0.3400604353727362,-0.18891323361130494,-1.015064375418402,1.6500611956081221,0.05358265540574317
0.6585583153722777,-0.4558357691350068,-2.2934197551034265,-1.032242279256755,-0.2195395662402809,-1.015064375418402,1.0167877177002904,0.1381578492852454
0.6585583153722777,-0.22251323005085374,-0.9896027220147763,1.0773895456619018,0.007951705768346418,0.21982417902169143,-0.7042617342214715,0.5610338186827566
1.2625236710684369,0.11080468292650775,1.9439856024346862,0.38128916323108936,0.06395978635054003,-4.070458736919663,-0.7436519505506667,1.7450865329957879
-1.1533377517161998,-1.589116673258036,-1.6415112385591013,-2.142574818687627,-1.2649553064220513,-0.5312936015140356,-0.6315413348444956,-0.9613196711482836
-0.5493723960200406,0.2108000568197162,-0.6636484637426138,1.4104893074911633,0.3380268590232492,1.0218651989157723,1.8894325102240008,-0.7921692833892792
0.05459295967611858,-0.055854273562173,-0.3376942054704513,-0.0738790962527684,0.008468230474618562,-0.3021390244014409,0.7016659870667283,0.05358265540574317
0.05459295967611858,0.24413184811745234,-0.9896027220147763,-1.9205083108014527,0.903726282252898,-0.5694860310328015,0.15020295845799495,-0.20014292623276356
-0.247389718171961,-0.5224993517304791,-1.47853410942302,-0.9212090253136678,0.09186086700535284,-0.1366384964867896,-0.5618509521082271,-0.7921692833892792
-1.1533377517161998,0.44412259590386927,-0.3376942054704513,1.4104893074911633,1.1150337190981494,1.3146738252263095,-0.3406597373365922,-0.7921692833892792
0.6585583153722777,0.9774312566676476,-0.8266255928786951,0.18912351411720418,-0.3307540066851501,0.4489787561342857,0.6501557041747038,-0.45386850787127025
0.6585583153722777,-0.6224947256236876,-0.011739947198288803,0.30015676806029135,0.44774707642893424,0.729056572605235,-0.4648904196055926,1.8296617268752902
0.3565756375241982,1.2107537957518006,0.9661228276181987,1.2994560535480761,0.6701759573186726,0.9454803398782405,-0.2497592381153723,-0.369293313991768
-0.5493723960200406,0.8107723001789668,0.1985081659050059,0.212187742097948,0.6398085724661148,-0.5694860310328015,-0.7194118174250081,-0.45386850787127025
-0.8513550738681201,-1.0558080124942575,-0.3376942054704513,-2.3646413265738015,-0.9058291999360135,-0.9514103262204592,2.001543125930172,0.22273304316474765
0.6585583153722777,0.11080468292650775,-0.3376942054704513,0.07809026017411698,-0.3307540066851501,-0.2512157850430867,-0.04068808990656668,-0.1155677323532613
2.7724370603088344,1.0107630479653837,1.4550542150264425,0.41119002200337856,-1.3428054147334596,-0.6586016999099216,0.7683263531622897,0.8147594003212633
-0.5493723960200406,-0.3891721865395345,0.15123718193779245,-0.03294299376897022,-0.2751467864627155,0.054323651107039225,0.6683358040189478,-0.5384437017507725
0.9605409932203574,0.8441040914767031,0.3142143110738737,0.24073039257623405,0.6613000933472762,0.9454803398782405,-0.6679015345329835,0.8147594003212633
0.6585583153722777,0.4107908046061331,-0.17471707633437006,-0.6991425174274934,-0.2195395662402809,0.43624794629469693,0.19565320806860492,-0.369293313991768
-0.247389718171961,1.710730665217843,0.47719144020995496,1.0773895456619018,0.39213985620649966,0.2325549888612793,1.4925003302913409,-0.20014292623276356
-0.5493723960200406,-0.9891444298987851,-0.8266255928786951,-0.14397624771205741,-0.6579043071018034,-0.04752282760966913,-1.052713647902814,-0.7921692833892792
-1.1533377517161998,2.5440254476612467,-0.5006713346065326,0.30015676806029135,1.3819483761658353,1.1873657268304236,0.0744525424403117,-0.45386850787127025
-0.5493723960200406,0.8107723001789668,-0.17471707633437006,0.9663562917188145,2.3383925639917105,-0.5058319818348586,-0.42550020327639726,-0.369293313991768
-0.5493723960200406,-1.2557987602806744,-0.2552410663688247,-0.3197770977431028,-0.8921638014100013,-4.070458736919663,-0.5254907524197392,-1.045894865027786
1.2625236710684369,1.9107214130042598,-0.011739947198288803,1.4104893074911633,-0.2195395662402809,0.09251608062580553,0.7319661534738017,0.22273304316474765
1.2625236710684369,-1.8891027949376613,-0.011739947198288803,-0.6991425174274934,-1.3957716590674294,0.0034004117486850487,0.3713941732296297,0.7301842064417611
0.6585583153722777,-0.8558172647078406,-0.16721047268077932,-0.2169255461120671,-0.5958281003703629,-1.053256804937168,-0.8709126494603745,-0.45386850787127025
-1.1533377517161998,1.310749169645009,-1.8044883676951826,-0.04768485609591939,1.073802066727842,-1.2824113820497627,-0.6769915844551055,2.6754136656703125
0.9605409932203574,2.0773803694929405,0.9661228276181987,0.41119002200337856,1.5468426887105549,0.4489787561342857,-0.3709599037436655,0.6456090125622588
-0.247389718171961,0.2774636394151885,0.47719144020995496,-0.6991425174274934,-0.7867332125091138,-0.45490874247650437,-0.4679204362462999,0.05358265540574317
-0.5493723960200406,0.010809309033299299,-0.17471707633437006,-0.25500950165514463,0.03470323894160542,0.614479284048937,-0.4164101533542753,-0.5384437017507725
-0.8513550738681201,-0.02252248226443685,0.47719144020995496,1.0773895456619018,-0.8423404327315483,0.8945571005198864,-0.6557814679701542,-0.45386850787127025
0.3565756375241982,-0.4225039778372707,-0.8266255928786951,1.2994560535480761,-0.2306610102847678,0.48717118565305106,0.11081274212879966,-0.707594089509777
0.3565756375241982,-0.1891814387531176,0.15123718193779245,-0.03294299376897022,-0.10759402367437754,0.041592841267450456,0.5531951716720696,0.1381578492852454
-1.1533377517161998,-0.8224854734101045,-0.6636484637426138,0.7442897838326401,-0.5531828875748884,0.614479284048937,0.3713941732296297,-0.707594089509777
-0.247389718171961,1.5774035000268984,0.15123718193779245,-1.143275533199842,-0.2751467864627155,-0.2639465948826755,-0.6345713514852029,-0.20014292623276356
0.3565756375241982,0.04414110033103545,0.15123718193779245,1.188422799604989,-0.8089761005980876,0.2707474183800456,-0.6315413348444956,-0.45386850787127025
-0.8513550738681201,-0.722490099516896,-0.5006713346065326,-1.587408548972191,-1.0425264255323128,-1.0659876147767562,0.5713752715163135,-0.6230188956302747
1.5645063489165165,1.1440902131563284,1.1290999567542799,0.4556972733788889,0.8612105551603118,-0.9132178967016933,-0.7497119838320814,1.6605113391162856
-0.8513550738681201,-0.8224854734101045,-0.3376942054704513,-0.9212090253136678,-0.61918411082095,-0.6076784605515674,1.8712524103797568,-0.9613196711482836
1.5645063489165165,1.0774266305608562,0.47719144020995496,0.07809026017411698,-0.5531828875748884,-0.1366384964867896,-0.9496930821187649,0.9839097880802677
0.3565756375241982,0.8441040914767031,0.47719144020995496,0.2706511668639548,0.6563519308948551,0.21982417902169143,-0.7860721835205694,2.6754136656703125
0.3565756375241982,1.5440717087291622,-0.6636484637426138,0.21263237031890767,1.2139324698143457,0.11797770030498217,-1.0375635646992776,0.6456090125622588
1.2625236710684369,2.4773618650657743,0.3142143110738737,-0.03294299376897022,1.448677040432757,0.7035949529260574,0.38654425643316637,1.9988121146342945
-0.5493723960200406,-0.955812638601049,-0.6636484637426138,0.30015676806029135,0.11410375509432667,0.7672490021240004,0.5956154046419722,-0.8767444772687815
1.2625236710684369,0.37745901330839693,-0.011739947198288803,0.07949838200999053,0.3220651155189318,0.11797770030498217,-0.6285113182037882,0.47645862480325435
-0.247389718171961,1.6107352913246344,-0.6636484637426138,0.8553230377757274,0.8369976179859764,0.3216706577383998,-0.36792988710295815,-0.28471812011226577
1.5645063489165165,1.6440670826223707,3.084825506387255,-0.5881092634844062,1.0038192786532802,1.709328930253556,0.7380261867552164,1.7450865329957879
0.05459295967611858,2.5106936563635105,-0.17471707633437006,1.0773895456619018,6.609027077074687,0.6017484742093491,5.6102929450126,-0.20014292623276356
-0.247389718171961,1.944053204301996,-0.6636484637426138,-0.477076009541319,-0.886826208909496,0.2580166085404568,-0.6254813015630809,-0.6230188956302747
0.05459295967611858,2.0440485781952042,0.4692731158218573,0.5296616036268597,1.5540677141058024,-0.45490874247650437,-0.8042522833648134,0.22273304316474765
0.9605409932203574,0.6774451349880223,1.4550542150264425,-0.5881092634844062,3.6729658493301405,-0.20029254568473256,-1.0587736811842288,0.8147594003212633
-0.247389718171961,-0.4558357691350068,-0.8266255928786951,-0.5881092634844062,-0.30398128491754484,-0.7604481786266303,-0.7709221003170328,-0.707594089509777
2.4704543824607548,0.6107815523925499,0.8031456984821175,1.5215225614342505,1.9491420224346683,0.9200187201990638,0.1532329750987023,2.083387308513797
1.5645063489165165,-0.3225086039440622,0.8031456984821175,0.30015676806029135,0.28092541576163044,0.28347822821963437,-0.6588114846108616,0.22273304316474765
0.05459295967611858,0.8107723001789668,1.0476113921862393,-0.25500950165514463,-0.5531828875748884,-0.3912546932785614,-0.8739426661010818,-0.5384437017507725
0.3565756375241982,1.47740812613369,-0.011739947198288803,-1.143275533199842,0.28092541576163044,-0.7859097983058074,0.33200395690043444,1.4913609513572812
1.8664890267645962,1.310749169645009,-0.3376942054704513,-0.6991425174274934,-0.19729667815130705,-0.8241022278245733,-0.4588303863241779,1.1530601758392722
-0.5493723960200406,1.1107584218585922,0.15123718193779245,-1.3653420410860166,-0.5976686637528361,-0.6840633195890986,-0.1346186057684939,-0.5384437017507725
-0.8513550738681201,-0.8891490560055767,-0.9896027220147763,-1.2543087871429295,-1.020283537443339,-1.027795185257991,-0.6588114846108616,-0.9613196711482836
0.05459295967611858,-0.15584964745538146,-0.6636484637426138,-0.25500950165514463,-0.3307540066851501,0.15617012982374848,-0.7497119838320814,-0.7921692833892792
2.1684717046126756,0.17746826552198006,2.7588712481150925,0.5455862457098996,0.08933367544323809,0.8945571005198864,-0.8709126494603745,1.4913609513572812
-0.8513550738681201,0.1441364742242439,-1.315556980286939,-0.03294299376897022,0.02513220273843133,-0.4167163129577385,0.9804275180118027,-1.045894865027786
-0.247389718171961,-1.2557987602806744,-0.3376942054704513,0.07809026017411698,-0.48645422330796695,-0.009330398090903722,0.34412402346326376,-0.707594089509777
1.2625236710684369,-0.3225086039440622,-0.011739947198288803,-0.07161723621825335,-0.20052269593084276,-1.0659876147767562,1.0985981669993883,2.083387308513797
0.3565756375241982,1.1107584218585922,0.9661228276181987,1.6325558153773376,4.39585971222179,0.8563646710011209,0.428964489403069,0.05358265540574317
-0.8513550738681201,-0.8558172647078406,4.062688281203743,0.5611322934335775,-0.7225422446491866,-1.2187573328518198,-0.8194023665683501,-0.5384437017507725
2.7724370603088344,1.04409483926312,1.2920770858903612,0.8553230377757274,-0.1083251257954117,1.0982500579533039,2.1106237249956354,0.47645862480325435
0.9605409932203574,0.37745901330839693,1.2920770858903612,-1.587408548972191,0.05849653487189208,0.054323651107039225,-0.6527514513294469,0.30730823704424987
-1.1533377517161998,-0.08918606485990915,0.0011675984557999559,-0.019610940700813487,-0.02755928826050682,0.054323651107039225,-1.0193834648550335,-0.7921692833892792
0.05459295967611858,0.8107723001789668,0.47719144020995496,0.263854633697241,0.6319235097950227,0.8309030513219434,0.12899284197304364,2.844564053429317
-0.247389718171961,-0.7558218908146321,0.6401685693460362,-2.03154156474454,-0.9535548731764175,-1.6134124378790657,-0.5860910852338858,-0.28471812011226577
0.3565756375241982,-0.5224993517304791,0.8031456984821175,0.07809026017411698,-0.3718938430377186,0.9582111497178293,-0.5800310519524711,0.3918834309237521
0.3565756375241982,-1.1224715950897297,0.47719144020995496,0.07809026017411698,-0.7955930831465639,-0.5567552211932127,-0.6648715178922762,0.30730823704424987
-0.8513550738681201,-0.055854273562173,0.6401685693460362,2.0766888311496867,0.5589615168738035,0.8818262906802975,2.0742635253071477,0.6456090125622588
-0.8513550738681201,-0.4558357691350068,-0.9896027220147763,1.8546223232635122,0.31428974789509123,0.4489787561342857,-0.18915890530122587,-0.7921692833892792
2.7724370603088344,1.2107537957518006,3.4107797646594173,0.8898917085645534,0.8427488696913399,1.3146738252263095,-0.6679015345329835,0.8993345942007656
-0.8513550738681201,-1.1224715950897297,0.47719144020995496,-0.03294299376897022,-0.8200975446425746,0.0034004117486850487,-0.3406597373365922,-0.369293313991768
-0.247389718171961,-0.3225086039440622,0.15123718193779245,0.07809026017411698,-0.1967540005410644,-0.04752282760966913,-0.8497025329754232,-0.707594089509777
2.4704543824607548,-1.1224715950897297,0.15123718193779245,1.188422799604989,-1.0647693136212868,0.42351713645510813,-0.3012695210073969,1.2376353697187745
0.3565756375241982,-1.4557895080670913,-1.967465496831264,-0.6776215489817677,-0.9898594624329426,0.21982417902169143,0.5350150718278256,-0.707594089509777
-0.8513550738681201,-0.15584964745538146,-0.9896027220147763,-0.6991425174274934,-0.48645422330796695,0.2325549888612793,-0.03462805662515202,-0.5384437017507725
-1.1533377517161998,-0.15584964745538146,-0.015085666920753646,-0.035921816921920466,-0.0756184008104312,0.2325549888612793,1.3773596979444627,0.8993345942007656
0.05459295967611858,-0.8224854734101045,-0.9896027220147763,-0.6991425174274934,-0.5731088176510193,-0.48037036215568146,-0.10431843936142061,-0.9613196711482836
0.9605409932203574,0.9440994653699115,0.47719144020995496,-0.03294299376897022,-0.26402534241822856,0.4107863266155203,0.6501557041747038,1.7450865329957879
0.9605409932203574,0.4774543872016054,1.4550542150264425,0.37091454483411596,0.35280589615047236,-0.2639465948826755,-0.810312316646228,1.406785757477779
-0.8513550738681201,-0.6891583082191598,-1.8044883676951826,-1.587408548972191,-1.2649553064220513,-0.9896027557392251,0.14717294181728763,-0.6230188956302747
-0.5493723960200406,-0.9891444298987851,-1.6415112385591013,-0.5171161861742953,-0.6514553030690203,-0.23848497520349798,-1.0193834648550335,-0.9613196711482836
-1.1533377517161998,-0.9224808473033129,-0.17471707633437006,-0.25500950165514463,-0.3863612269075847,1.4674435433013728,-0.39520003686932414,-1.045894865027786
-0.8513550738681201,-0.7558218908146321,-1.1525798511508576,-2.142574818687627,-0.6332289521297092,-0.8368330376641621,0.2229233578349709,-1.045894865027786
-0.247389718171961,-1.589116673258036,-0.3376942054704513,-0.14397624771205741,-1.164862310021669,-0.2894082145618526,-0.5588209354675198,-0.8767444772687815
-1.1533377517161998,0.07747289162877159,-1.315556980286939,-1.8094750568583653,-0.49757566735245384,-1.295142191889351,-0.07704828959505464,-1.045894865027786
-0.8513550738681201,1.3774127522404815,-0.011739947198288803,0.29794477173303857,1.071554057445498,0.8945571005198864,2.2560645237495875,-0.03099253847375907
-0.5493723960200406,-0.8558172647078406,-0.3376942054704513,-1.8094750568583653,-1.1203765338437213,-1.384257860766471,0.5138049553428743,-0.6230188956302747
-1.1533377517161998,-0.02252248226443685,-0.5006713346065326,0.07809026017411698,0.16971097531676127,0.2962090380592223,-0.8315224331311792,-0.03099253847375907
-0.8513550738681201,-1.3557941341738828,-0.011739947198288803,-1.2543087871429295,-1.2204695302441035,-0.6840633195890986,-0.5891211018745931,-0.7921692833892792
1.5645063489165165,0.4107908046061331,0.15123718193779245,0.41119002200337856,-0.9980406493543652,-0.7731789884662191,-0.052808156469396,4.028616767742348
-0.8513550738681201,0.2774636394151885,-0.17471707633437006,-1.8094750568583653,-0.49757566735245384,-0.7731789884662191,-0.016447956780908206,-0.9613196711482836
-0.247389718171961,-0.8558172647078406,0.47719144020995496,1.0773895456619018,-0.5203435530996217,0.67813333324688,-0.7254718507064228,0.5610338186827566
1.2625236710684369,-0.7558218908146321,0.9661228276181987,0.01353002171609593,-0.5546669683763199,0.43624794629469693,-0.2709693546003236,1.406785757477779
0.05459295967611858,-1.0558080124942575,1.2920770858903612,1.9656555772065993,-1.0647693136212868,0.729056572605235,-0.3497497872587142,-0.369293313991768
-0.5493723960200406,-0.722490099516896,-1.47853410942302,-0.14397624771205741,-0.49757566735245384,0.7417873824448229,0.06233247587748238,-0.7921692833892792
1.5645063489165165,1.1440902131563284,1.1290999567542799,-0.14397624771205741,0.05849653487189208,0.2962090380592223,2.156073974606246,0.7301842064417611
0.6585583153722777,0.04414110033103545,-0.011739947198288803,1.743589069320425,0.892604838208411,0.20709336918210267,0.7743863864437043,0.05358265540574317
2.1684717046126756,0.5441179697970777,0.15123718193779245,-0.3660427555982318,-0.06383934961746403,0.5253636151718174,0.24110345767921487,1.406785757477779
-0.8513550738681201,-0.8891490560055767,-0.5006713346065326,-1.8094750568583653,-1.2427124183330773,-1.5752200083602999,-0.4345902531985193,-0.707594089509777
-0.8513550738681201,-1.422457716769355,0.23272574650583308,0.07809026017411698,-1.0035587892396445,0.0034004117486850487,-0.24672922147466497,-0.9613196711482836
-0.5493723960200406,-1.6891120471512444,-0.17471707633437006,-0.25500950165514463,-1.206632369109139,-0.5058319818348586,0.3289739402597271,-0.9613196711482836
0.9605409932203574,2.4773618650657743,1.4550542150264425,0.8053904938345381,1.8490204777909383,0.9964035792365947,-0.08007830623576197,0.6456090125622588
0.6585583153722777,0.7441087175834946,-0.011739947198288803,-0.25500950165514463,0.8703619501194372,0.24528579870086806,-0.6739615678143982,0.5610338186827566
-1.1533377517161998,-0.5558311430282152,1.4550542150264425,0.1465973711890291,-0.4200530041522541,-0.3021390244014409,-0.8497025329754232,1.06848498195977
1.2625236710684369,-0.722490099516896,0.3142143110738737,-0.0994321136349853,-0.5105323025871052,0.8563646710011209,-0.8709126494603745,0.7301842064417611
-0.8513550738681201,-0.6224947256236876,-3.434259659055995,0.9663562917188145,-0.7422474363311661,1.4419819236221953,-0.8921227659453258,-0.03099253847375907
-0.8513550738681201,-0.4558357691350068,1.2920770858903612,-1.143275533199842,-0.4433086098752461,-0.6204092703911557,-0.23460915491183565,-0.7921692833892792
-1.1533377517161998,0.04414110033103545,-0.011739947198288803,0.0071266583336643385,0.07274282135234994,0.550825234850994,-0.6648715178922762,1.5759361452367835
2.1684717046126756,0.4774543872016054,0.9661228276181987,0.6332565298895529,-0.2195395662402809,-0.46763955231609267,-0.6588114846108616,0.7301842064417611
1.8664890267645962,0.24413184811745234,0.3142143110738737,-0.14397624771205741,-0.30851111859617625,0.49990199549263986,-0.5982111517967149,0.47645862480325435
-0.8513550738681201,1.710730665217843,0.15123718193779245,0.39862847155916536,1.3140887570794293,0.614479284048937,-1.179974346812522,0.3918834309237521
-1.1533377517161998,0.31079543071292465,-0.5006713346065326,1.188422799604989,0.3844836174031553,0.2962090380592223,-0.8527325496161305,-0.9613196711482836
0.05459295967611858,0.6441133436902862,0.15123718193779245,0.16732147644353154,0.5165804379653348,-0.5567552211932127,-0.7072917508621788,0.5610338186827566
-1.1533377517161998,0.3441272220106608,0.47719144020995496,0.16237406738435115,0.28268918557224865,0.054323651107039225,-0.25581927139678695,-1.045894865027786
-0.247389718171961,-0.055854273562173,-0.17471707633437006,0.07809026017411698,-0.1639323460178463,1.391058684263841,-0.07704828959505464,-0.28471812011226577
0.3565756375241982,-0.5891629343259513,0.15123718193779245,-0.10052162472999306,-0.4059894827319022,-0.40398550311814974,-0.9830232651665455,1.2376353697187745
0.9605409932203574,2.177375743386149,-0.3376942054704513,1.0773895456619018,1.715591697500443,0.729056572605235,-0.6769915844551055,0.6456090125622588
-1.1533377517161998,-0.08918606485990915,-0.5006713346065326,-0.25500950165514463,-0.02386740109152075,0.8690954808407088,-0.6618415012515688,-0.9613196711482836
1.5645063489165165,-1.0224762211965213,-0.3376942054704513,-0.2844462476485333,-0.7153543708401267,-0.9896027557392251,-0.8406124830533012,2.083387308513797
-0.8513550738681201,-0.5224993517304791,0.3142143110738737,-0.05600937008829287,-0.3609392584145417,0.7035949529260574,-0.8497025329754232,-0.6230188956302747
0.3565756375241982,-0.4558357691350068,-0.011739947198288803,1.5215225614342505,-0.8312189886870615,0.5253636151718174,-0.6497214346887396,-0.03099253847375907
-0.8513550738681201,-0.35584039524179834,1.1290999567542799,-1.143275533199842,-0.3633651890889159,-0.23848497520349798,-1.0133234315736188,-0.8767444772687815
2.7724370603088344,0.7774405088812307,0.8031456984821175,-1.143275533199842,-0.44196844713001926,-1.2442189525309968,-0.7042617342214715,1.9988121146342945
-1.1533377517161998,-0.5558311430282152,-0.6636484637426138,1.2994560535480761,-0.08608223770643786,1.2128273465096011,-0.9224229323523991,-0.9613196711482836
-0.247389718171961,0.24413184811745234,1.6180313441625238,2.1877220850927737,0.05849653487189208,0.5635560446905828,1.4864402970099262,-0.1155677323532613
-1.1533377517161998,0.8107723001789668,0.8031456984821175,0.3256421449706719,0.6242521167379036,1.0855192481137153,3.949843825904983,0.8993345942007656
-0.247389718171961,1.2107537957518006,0.3142143110738737,0.7442897838326401,1.0594264988757147,-0.04752282760966913,1.1319283500471689,-0.45386850787127025
-1.1533377517161998,-0.6891583082191598,-0.6636484637426138,-1.3653420410860166,-0.5442786066621007,-1.39698867060606,-0.6830516177365202,-1.045894865027786
1.5645063489165165,-0.6558265169214237,0.3142143110738737,0.8553230377757274,-0.3841907833114404,0.11797770030498217,0.5683452548756062,1.06848498195977
-0.8513550738681201,0.5441179697970777,0.8031456984821175,0.2655133760919756,0.42224300406409115,1.034596008755361,-0.7315318839878374,-0.45386850787127025
1.8664890267645962,-0.22251323005085374,-0.028343915908877186,-0.05380651919506185,-0.12619656768505644,-4.070458736919663,-0.6557814679701542,-0.28471812011226577
-0.8513550738681201,-1.0891398037919937,-3.9231910464642388,-1.143275533199842,-1.3872911909114074,-0.5312936015140356,0.24716349096062953,-1.045894865027786
-0.247389718171961,0.010809309033299299,0.47719144020995496,0.08981777517729693,0.03315586351570397,-1.142372473814288,-0.6769915844551055,0.5610338186827566
-0.5493723960200406,-1.7891074210444529,-0.8266255928786951,-1.8094750568583653,-1.4985056313562766,-1.511565959162357,-0.6679015345329835,-0.8767444772687815
0.9605409932203574,0.07747289162877159,-0.17471707633437006,0.41119002200337856,0.7257831775411072,-0.8241022278245733,-0.9587831320408869,0.30730823704424987
-1.1533377517161998,1.3440809609427453,0.3142143110738737,2.964954862694384,-0.5531828875748884,2.702332097741466,0.8531668191020949,-0.707594089509777
-0.5493723960200406,-0.02252248226443685,-0.17471707633437006,0.30015676806029135,-0.608790107797323,0.9072879103594751,1.2379789324719255,-0.8767444772687815
-1.1533377517161998,-0.722490099516896,1.2920770858903612,3.4090878784667327,-0.44196844713001926,1.8875602680077959,1.4682601971656823,-0.20014292623276356
-0.5493723960200406,-1.3557941341738828,-0.011739947198288803,-1.587408548972191,-0.8200975446425746,-0.23848497520349798,0.21080329127214156,-0.707594089509777
-0.5493723960200406,-0.5224993517304791,-0.6636484637426138,0.6332565298895529,-0.341875450729637,-0.1875617358451438,2.7954074857954914,0.05358265540574317
-0.247389718171961,0.07747289162877159,0.6401685693460362,0.41119002200337856,-0.2195395662402809,0.15617012982374848,-0.5224607357790318,-0.6230188956302747
-0.8513550738681201,0.37745901330839693,2.43291698984293,-0.14397624771205741,-0.1083251257954117,0.1052468904653934,-0.737591917269252,0.9839097880802677
2.7724370603088344,0.24413184811745234,0.07566484133735674,0.07809026017411698,0.22110997278277764,1.0091343890761835,0.2774636573677025,0.8993345942007656
-0.247389718171961,-2.0224299601286058,0.8031456984821175,-0.14397624771205741,-1.4854808689366579,0.308939847898811,-0.7103217675028861,1.06848498195977
-0.247389718171961,0.11080468292650775,-1.1525798511508576,-0.18840015715102362,0.15660900739101963,-0.04752282760966913,-0.9890832984479602,-0.7921692833892792
-1.1533377517161998,-0.15584964745538146,0.6401685693460362,0.18912351411720418,-1.0758907576657737,1.6838673105743793,-1.1769443301718148,-0.7921692833892792
-0.5493723960200406,0.17746826552198006,-2.130442625967345,-0.9212090253136678,2.0603564628795374,0.308939847898811,-0.9133328824302771,-0.9613196711482836
1.5645063489165165,1.0107630479653837,0.47719144020995496,0.5222232759464658,0.23643963958368278,0.28347822821963437,1.2591890489568769,-0.03099253847375907
-1.1533377517161998,0.5441179697970777,0.13855713278169757,0.1442842343581322,0.44331454139341053,0.550825234850994,1.38038971458517,-0.707594089509777
0.05459295967611858,0.31079543071292465,-0.3376942054704513,-0.9212090253136678,0.1808324193612482,0.1434393199841597,-0.9618131486815942,-0.45386850787127025
0.3565756375241982,0.010809309033299299,1.1290999567542799,0.20977990506754782,0.013682247996360263,0.34713227741757735,-0.5679109853896418,-0.03099253847375907
-0.5493723960200406,-0.8891490560055767,-1.47853410942302,-1.6984418029152781,-0.6866402161087315,-0.7477173687870415,0.8198366360543142,-0.9613196711482836
-1.1533377517161998,1.3440809609427453,0.3142143110738737,0.7442897838326401,1.067241538904489,2.244022943516277,-0.3436897539772995,-0.6230188956302747
-0.247389718171961,1.8107260391110513,1.1290999567542799,-0.25500950165514463,0.069617978916379,0.16890093966333636,2.050023392181489,1.5759361452367835
-0.8513550738681201,0.7441087175834946,0.8031456984821175,1.188422799604989,0.6432479185910623,1.1873657268304236,0.39260428971458106,-0.45386850787127025
-0.5493723960200406,-0.055854273562173,-1.47853410942302,-0.284090403004558,0.04222968498006089,-0.6586016999099216,-0.06795823967293266,-0.5384437017507725
-1.1533377517161998,1.710730665217843,0.47719144020995496,0.30015676806029135,1.281855379765453,1.8493678384890306,2.065173475385026,2.083387308513797
0.6585583153722777,0.24413184811745234,1.4550542150264425,-2.4756745805168885,1.9602634664791552,-1.5752200083602999,0.31685387369689777,2.2525376962728014
-0.5493723960200406,-2.1890889166172864,-1.315556980286939,-0.14397624771205741,-1.164862310021669,-0.9896027557392251,-0.44065028647993393,-0.9613196711482836
-0.5493723960200406,1.1107584218585922,-1.6415112385591013,-0.25500950165514463,4.3402524919993555,0.8563646710011209,-0.7194118174250081,-0.707594089509777
-0.5493723960200406,-0.35584039524179834,-0.9896027220147763,-0.2594396693809126,-0.196978613263648,-0.7349865589474532,-0.4073201034321533,-0.8767444772687815
-0.8513550738681201,-0.6224947256236876,0.6401685693460362,-2.03154156474454,-0.753368880375653,-1.6006816280394773,0.04112235939253107,-0.9613196711482836
0.6585583153722777,-0.2558450213485899,1.2920770858903612,0.18181143886910578,-0.19071444462252438,-0.5312936015140356,-0.6982017009400568,2.7599888595498148
-0.247389718171961,-0.48916756043274295,-0.8266255928786951,-1.8094750568583653,-1.1314979778882082,-1.1551032836538768,0.6077354712048015,-0.8767444772687815
1.2625236710684369,2.0440485781952042,-0.6636484637426138,0.32194421620700236,1.5887783006302882,-1.104180044295522,0.5895553713605575,-0.1155677323532613
0.05459295967611858,0.6774451349880223,1.1290999567542799,0.3550043932365067,0.5128768381529712,1.5310975924993158,0.5077449220614596,-0.9613196711482836
-0.8513550738681201,0.2108000568197162,0.8031456984821175,-1.3653420410860166,0.3698969681175258,-0.5694860310328015,-1.098163897513424,-0.9613196711482836
-0.5493723960200406,0.2774636394151885,1.9439856024346862,0.4175186239347782,0.18867078254169653,-1.1932957131726423,-0.6345713514852029,-1.045894865027786
0.6585583153722777,-0.955812638601049,-1.8044883676951826,0.07809026017411698,-0.9535548731764175,-0.4167163129577385,-0.36792988710295815,-0.8767444772687815
-1.1533377517161998,-0.6558265169214237,0.47719144020995496,1.188422799604989,-0.6643973280197576,0.3216706577383998,-0.7254718507064228,-0.7921692833892792
3.074419738156914,1.7773942478133153,-0.8266255928786951,0.07809026017411698,1.3809427935028558,0.20709336918210267,-0.8042522833648134,0.3918834309237521
-0.8513550738681201,-0.15584964745538146,1.2920770858903612,-0.5881092634844062,-0.052717905572977106,0.3216706577383998,-0.22551910498971364,0.5610338186827566
1.5645063489165165,0.07747289162877159,-0.17471707633437006,0.41119002200337856,2.805493213860161,0.43624794629469693,-0.5921511185153004,0.05358265540574317
-0.8513550738681201,1.4107445435382175,0.8031456984821175,1.5215225614342505,-0.9201905410429567,0.1052468904653934,-0.41338013671356794,1.406785757477779
1.2625236710684369,0.7107769262857584,-0.5006713346065326,0.061715393033418185,0.5857832550719871,0.37259389709675395,-1.0557436645435214,0.6456090125622588
-0.5493723960200406,-0.7558218908146321,-0.17471707633437006,-1.4763752950291038,-1.175983754066156,-1.4733735296435915,-0.7345619006285448,-0.5384437017507725
-0.5493723960200406,-0.7558218908146321,-0.9896027220147763,-1.3653420410860166,0.11410375509432667,0.5890176643697603,-0.0740182729543473,-1.045894865027786
-1.1533377517161998,-1.2557987602806744,-0.6636484637426138,-0.8101757713705806,-0.9313119850874437,0.48717118565305106,0.2047432579907269,-1.045894865027786
1.2625236710684369,-0.4558357691350068,-0.17471707633437006,-0.1303692736986871,-0.2951691908812046,-0.1875617358451438,1.447050080680731,-0.03099253847375907
1.2625236710684369,-1.2224669689829382,-1.3970455448549794,-1.032242279256755,-0.8743395015414955,-0.9641411360600479,-1.0345335480585702,0.7301842064417611
2.4704543824607548,-0.5224993517304791,0.6401685693460362,0.0038583378064643687,-0.37080567385466334,-1.0659876147767562,-1.0315035314178629,0.8993345942007656
1.5645063489165165,-1.0891398037919937,-0.8266255928786951,-0.388933754053288,-0.7506611408500999,-1.206026523012231,-1.0163534482143262,-0.03099253847375907
2.4704543824607548,-0.02252248226443685,0.47719144020995496,-1.3653420410860166,-0.10840847886012936,-0.6967941294286873,-0.6618415012515688,2.4216880840318056
-0.5493723960200406,-0.15584964745538146,1.4550542150264425,-1.143275533199842,-0.8757047648650091,-0.8622946573433391,-0.4982206026533732,-1.045894865027786
-0.8513550738681201,-1.6891120471512444,-1.967465496831264,-1.2543087871429295,-0.8200975446425746,-1.4733735296435915,-0.4679204362462999,-0.9613196711482836
-1.1533377517161998,-0.6891583082191598,0.3142143110738737,-0.09218505885783307,-0.4855887740393305,0.4744403758134632,-0.8466725163347159,-0.6230188956302747
-1.1533377517161998,-0.28917681264632605,0.6401685693460362,-1.4763752950291038,-0.3184803789631489,-0.12390768664720085,1.2016187327834376,-1.045894865027786
-0.5493723960200406,-1.155803386387466,-1.1525798511508576,-1.4763752950291038,-1.0870122017102606,0.09251608062580553,-0.9436330488373502,-0.707594089509777
-0.5493723960200406,0.7441087175834946,-1.1525798511508576,0.41119002200337856,-0.1639323460178463,-0.04752282760966913,-0.16794878881627454,-0.707594089509777
0.6585583153722777,-0.4225039778372707,-0.9896027220147763,-0.25500950165514463,-0.2455280613066306,-0.8877562770225162,-0.8224323832090573,-0.5384437017507725
-0.247389718171961,0.3441272220106608,0.6401685693460362,0.19236459985691398,0.27782078169241303,0.308939847898811,-0.228549121630421,0.8993345942007656
-0.247389718171961,2.177375743386149,-0.17471707633437006,-0.8101757713705806,0.5589615168738035,0.5635560446905828,-0.21036902178617717,0.22273304316474765
0.05459295967611858,-0.3891721865395345,1.6180313441625238,0.21274324629388672,-0.300295155324305,0.7163257627656463,-0.8678826328196672,-0.28471812011226577
1.2625236710684369,-0.48916756043274295,0.6401685693460362,0.012138685696588864,-0.34468072145048145,-0.9386795163808704,1.1470784332507056,0.05358265540574317
1.2625236710684369,-0.722490099516896,0.15123718193779245,1.188422799604989,0.7257831775411072,0.9454803398782405,0.5562251883127769,0.8147594003212633
-0.247389718171961,-1.3224623428761466,-0.17471707633437006,-0.3193129776999173,-0.944295799143863,-1.384257860766471,-0.2679393379596163,-0.707594089509777
0.9605409932203574,0.4774543872016054,0.15123718193779245,-0.3660427555982318,-0.1639323460178463,-0.7604481786266303,0.5138049553428743,1.4913609513572812
0.3565756375241982,1.47740812613369,0.3142143110738737,0.37832415595140995,1.1351124828068975,1.7475213597723223,-0.4164101533542753,-0.5384437017507725
2.1684717046126756,1.1107584218585922,0.3142143110738737,-0.14397624771205741,0.0028893146494574904,0.16890093966333636,2.6529967036822475,1.4913609513572812
0.3565756375241982,0.4774543872016054,0.8031456984821175,0.2516296506550399,0.3730538344786567,-4.070458736919663,0.49259483885792293,3.0137144411883217
-0.8513550738681201,-0.08918606485990915,1.1290999567542799,1.0773895456619018,0.7813903977635418,1.7347905499327334,1.0016376344967541,-0.369293313991768
-0.247389718171961,-0.6558265169214237,0.15123718193779245,-0.11503898701257728,-0.4559031260183127,-0.3148698342410297,-1.0799837976691802,-0.1155677323532613
0.6585583153722777,-1.2224669689829382,0.47719144020995496,-0.17770705427788586,-0.8890501586941167,-0.09844606696802376,-0.2891494544445676,0.7301842064417611
0.05459295967611858,0.9774312566676476,1.4550542150264425,0.9663562917188145,0.7661136715726605,-0.2894082145618526,-0.5557909188268125,0.22273304316474765
1.5645063489165165,1.6107352913246344,0.15123718193779245,0.18912351411720418,1.224655910631128,1.5310975924993158,-0.22551910498971364,0.8147594003212633
-0.247389718171961,-0.6224947256236876,-0.011739947198288803,0.07809026017411698,0.02513220273843133,-0.5567552211932127,0.7652963365215824,-0.5384437017507725
-0.8513550738681201,0.07747289162877159,-0.9896027220147763,0.30015676806029135,0.16488118596123189,0.48717118565305106,0.11081274212879966,-1.045894865027786
-0.5493723960200406,-0.3225086039440622,-0.3376942054704513,-0.8101757713705806,-0.61991155184181,0.2707474183800456,-0.49216056937195857,-0.6230188956302747
-1.1533377517161998,0.1441364742242439,0.9661228276181987,-0.03294299376897022,0.7257831775411072,-0.1621001161659667,0.12899284197304364,-0.7921692833892792
0.05459295967611858,-0.15584964745538146,-0.8266255928786951,-1.9205083108014527,-0.19194785587624544,-0.2894082145618526,-0.29520948772598227,-0.28471812011226577
-0.5493723960200406,-0.4558357691350068,0.6401685693460362,0.018506496685627212,-0.3207424832446575,-0.6331400802307444,-0.6618415012515688,1.5759361452367835
0.05459295967611858,-1.0224762211965213,-0.17471707633437006,0.30015676806029135,-0.6866402161087315,0.1434393199841597,-0.09522838943929862,-0.9613196711482836
-0.8513550738681201,0.7107769262857584,0.15123718193779245,-0.8101757713705806,-0.9869192053098783,-0.7349865589474532,-0.6709315511736909,-1.045894865027786
-0.247389718171961,-0.22251323005085374,-0.5006713346065326,1.0773895456619018,-0.1083251257954117,0.7799798119635892,-0.9921133150886675,-0.45386850787127025
-0.8513550738681201,-1.622448464555772,-1.8044883676951826,-2.142574818687627,-1.2375352980074337,-1.142372473814288,-0.6951716842993495,-1.045894865027786
-0.5493723960200406,-1.3557941341738828,-0.9896027220147763,-0.8101757713705806,-0.9718475737414461,-0.5440244113536244,-0.5679109853896418,-0.707594089509777
-1.1533377517161998,-0.4225039778372707,1.2920770858903612,0.07809026017411698,-0.31986773749707,0.067054460946628,1.1440484166099982,0.3918834309237521
-0.5493723960200406,-0.22251323005085374,-0.6636484637426138,-0.8101757713705806,-0.15843141769505886,-0.14936930632637793,-0.17097880545698188,-1.045894865027786
-0.5493723960200406,0.5774497610948138,0.23272574650583308,0.1677274422691101,0.4641503417110295,-0.8113714179849845,-0.9406030321966429,-0.369293313991768
-1.1533377517161998,2.2107075346838854,0.8031456984821175,-1.6984418029152781,0.39213985620649966,0.0034004117486850487,0.6198555377676308,-0.9613196711482836
0.3565756375241982,0.2108000568197162,0.6401685693460362,0.1630479359613417,0.1776711375553976,0.33440146757798855,-1.0102934149329115,0.9839097880802677
1.8664890267645962,0.5774497610948138,0.6401685693460362,0.24452257279072168,0.454058870627887,-0.6204092703911557,2.9196381680644925,1.9988121146342945
-0.8513550738681201,-1.1224715950897297,-3.434259659055995,1.4104893074911633,-0.5643043316193753,2.9314866748540607,0.05627244259606772,-0.6230188956302747
0.3565756375241982,0.1632904861196491,0.6401685693460362,0.30015676806029135,0.15432475653993522,1.1491732973116582,-0.3982300535100315,0.30730823704424987
0.6585583153722777,-0.6224947256236876,-0.5006713346065326,-0.22752734802493993,-0.41122676659029495,-0.9768719458996362,-0.6921416676586422,-0.369293313991768
1.2625236710684369,1.1107584218585922,-0.8266255928786951,-0.3660427555982318,3.839787509997444,0.2580166085404568,0.19868322470931224,1.06848498195977
1.8664890267645962,1.9107214130042598,-0.17471707633437006,0.38224890550938945,1.4736229903539129,0.3980555167759315,-0.8406124830533012,0.30730823704424987
-0.8513550738681201,-0.4225039778372707,-1.315556980286939,-0.9212090253136678,-0.1639323460178463,-0.8622946573433391,1.077388050514437,-0.8767444772687815
0.3565756375241982,0.5774497610948138,0.6401685693460362,0.6332565298895529,0.11410375509432667,-0.04752282760966913,-0.35277980389942154,-0.707594089509777
0.3565756375241982,-0.15584964745538146,1.1290999567542799,0.07809026017411698,-0.49757566735245384,0.9072879103594751,-0.6860816343772275,0.7301842064417611
0.3565756375241982,-0.22251323005085374,2.1069627315707673,0.3388789061169747,-0.19026414443445427,2.6641396682227,-0.8133423332869354,-0.45386850787127025
1.8664890267645962,-0.9891444298987851,-0.8266255928786951,-0.3671911364263153,-0.6758288935698481,-0.7731789884662191,-0.9406030321966429,-0.20014292623276356
1.8664890267645962,-0.4558357691350068,-0.5006713346065326,-0.1913167801629785,-0.28653737167921306,0.054323651107039225,-0.6224512849223736,0.7301842064417611
-0.5493723960200406,-0.4225039778372707,1.6180313441625238,0.2064582731493479,-0.324138680225185,1.3655970645846645,1.113748250202925,1.7450865329957879
-0.8513550738681201,0.11080468292650775,-0.17471707633437006,-0.5881092634844062,-0.44196844713001926,-0.9768719458996362,-0.7769821335984474,-0.707594089509777
-0.247389718171961,0.6441133436902862,0.1608587516905344,0.1698426461793881,0.5171512133731593,-0.2512157850430867,0.8592268523835096,-0.5384437017507725
-0.8513550738681201,-1.1224715950897297,-0.8266255928786951,-0.5881092634844062,-1.175983754066156,-0.2639465948826755,-0.16794878881627454,-0.8767444772687815
-1.1533377517161998,1.0107630479653837,0.8031456984821175,1.0773895456619018,1.3597054880768615,1.2128273465096011,-0.6285113182037882,-0.5384437017507725
-0.5493723960200406,-1.2224669689829382,-0.5821598991745732,-0.3717640916181541,-0.8563977506778394,0.970941959557418,1.371299664663048,-0.5384437017507725
0.3565756375241982,-0.7558218908146321,-1.47853410942302,-0.14397624771205741,-0.7422474363311661,0.2580166085404568,0.06536249251818971,-0.28471812011226577
1.5645063489165165,0.010809309033299299,-1.315556980286939,-0.23868437161956965,0.08830181600866063,0.16890093966333636,1.9288227265531965,-0.03099253847375907
-1.1533377517161998,-1.0224762211965213,0.6401685693460362,-0.10399875926856972,-0.7439882061048337,0.054323651107039225,0.37442418987033704,-0.5384437017507725
1.5645063489165165,1.4107445435382175,0.47719144020995496,0.39355171919892357,1.080049618999677,0.1052468904653934,-0.9981733483700822,0.9839097880802677
0.05459295967611858,0.2108000568197162,-0.17471707633437006,0.013391745884106476,0.20235213088806137,0.2962090380592223,-0.5285207690604465,-0.7921692833892792
-0.5493723960200406,-0.6891583082191598,-1.1525798511508576,0.6332565298895529,-0.6643973280197576,-1.295142191889351,-0.9769632318851309,-0.9613196711482836
-0.8513550738681201,-0.8224854734101045,-0.5006713346065326,-1.587408548972191,-0.1083251257954117,-1.116910854135111,0.029002292829701747,-0.9613196711482836
0.3565756375241982,1.2107537957518006,-0.17471707633437006,0.23031508190476985,0.9500996773131999,-0.2766774047222638,-0.8194023665683501,2.506263277911308
-0.8513550738681201,0.5774497610948138,-2.130442625967345,-1.143275533199842,-0.7422474363311661,-0.4167163129577385,0.5350150718278256,-0.9613196711482836
1.2625236710684369,-0.4225039778372707,0.3142143110738737,1.0773895456619018,-0.39748267095207157,-0.5185627916744473,0.49259483885792293,-0.20014292623276356
-0.247389718171961,1.2107537957518006,-0.6636484637426138,-1.8094750568583653,2.6386715531928573,-0.09844606696802376,-0.5527609021861052,-0.7921692833892792
0.05459295967611858,-0.2558450213485899,-0.5821598991745732,-0.1626604088085549,-0.13424841775043933,-1.2824113820497627,-0.13764862240920125,0.30730823704424987
-1.1533377517161998,1.8440578304087876,-0.9896027220147763,-0.03294299376897022,3.6507229612411667,0.33440146757798855,1.8015620276434885,-1.045894865027786
-0.8513550738681201,1.5440717087291622,1.2920770858903612,-0.03294299376897022,1.107759361999858,0.38532470693634274,1.2955492486453648,1.5759361452367835
1.8664890267645962,0.37745901330839693,-0.3376942054704513,0.01950714399624219,0.33179029182010183,-0.6331400802307444,-0.7042617342214715,0.22273304316474765
-0.8513550738681201,-0.08918606485990915,-1.47853410942302,-1.8094750568583653,-1.1092550897992344,-1.2314881426914082,-0.8254623998497647,-0.7921692833892792
0.05459295967611858,-0.8891490560055767,-0.17471707633437006,0.30015676806029135,-0.5775324113112961,0.01613122158827382,0.40775437291811767,-0.7921692833892792
0.9605409932203574,-1.3557941341738828,0.47719144020995496,1.188422799604989,-1.1314979778882082,1.8748294581682081,-0.6557814679701542,0.7301842064417611
-0.8513550738681201,-1.155803386387466,-0.9896027220147763,0.8553230377757274,-0.8312189886870615,0.6654025234072921,0.09566265892526302,-0.9613196711482836
-0.8513550738681201,-0.08918606485990915,1.2920770858903612,1.2994560535480761,0.22531819553919588,1.696598120413967,0.08960262564384835,-0.6230188956302747
-0.247389718171961,2.0107167868974685,0.15123718193779245,0.4641208242242782,1.5388879168412346,-0.1875617358451438,-0.4012600701507388,-0.369293313991768
-1.1533377517161998,0.5107861784993415,-2.6193740133755887,0.6332565298895529,0.20307530745022204,1.4165203039430188,5.486062262743598,-0.03099253847375907
0.6585583153722777,-0.6558265169214237,0.8031456984821175,0.004956568674576844,-0.47533852388829334,-0.14936930632637793,-0.9012128158674478,0.22273304316474765
-0.5493723960200406,-0.9891444298987851,0.3142143110738737,-1.032242279256755,-0.7781272961446207,-0.9896027557392251,3.6983524447262757,-0.45386850787127025
-1.1533377517161998,-0.5558311430282152,-0.3376942054704513,-0.8101757713705806,-0.41678736489590124,-1.5242967690019458,-0.7315318839878374,-0.9613196711482836
0.9605409932203574,-0.9224808473033129,-0.6636484637426138,-0.477076009541319,-0.7867332125091138,0.16890093966333636,0.789536469647241,0.6456090125622588
-0.5493723960200406,0.010809309033299299,-0.9896027220147763,-1.2543087871429295,-0.48645422330796695,-0.2766774047222638,0.725906120192387,-0.9613196711482836
0.6585583153722777,0.4107908046061331,0.6401685693460362,0.8553230377757274,2.44960700443658,1.8111754089702652,-0.7254718507064228,1.06848498195977
1.2625236710684369,1.510739917431426,2.7588712481150925,1.8546223232635122,0.903726282252898,0.7163257627656463,-0.9466630654780576,0.8147594003212633
0.6585583153722777,0.5107861784993415,-0.9081141574467357,-0.05660883697552749,0.44844679490084965,-0.9896027557392251,-0.9890832984479602,1.8296617268752902
-0.8513550738681201,1.1774220044540646,-0.011739947198288803,-0.9212090253136678,0.20307530745022204,-0.8113714179849845,-1.0739237643877655,-0.7921692833892792
0.3565756375241982,-0.8558172647078406,0.15123718193779245,-1.2543087871429295,-0.9201905410429567,0.20709336918210267,1.5743107795904387,0.8147594003212633
-1.1533377517161998,0.24413184811745234,0.6401685693460362,0.17109575656865947,0.20353022805096463,-0.09844606696802376,0.6834858872224844,-0.369293313991768
2.7724370603088344,0.1441364742242439,1.4550542150264425,0.2991023399320438,0.10412333220149442,1.454712733461784,0.3198838903376051,0.7301842064417611
0.05459295967611858,1.1440902131563284,0.23272574650583308,0.2908329092720527,0.8880823206228181,2.0785224156016247,-0.7254718507064228,-0.1155677323532613
-0.5493723960200406,-0.722490099516896,-0.5006713346065326,-1.032242279256755,-0.6643973280197576,0.11797770030498217,1.1804086162984861,-0.45386850787127025
0.05459295967611858,-0.22251323005085374,-0.011739947198288803,-0.05058528009935833,-0.12650298910879518,-0.3912546932785614,-0.3073295542888116,1.06848498195977
1.8664890267645962,-0.22251323005085374,-0.02808374690659914,-0.05394323322283782,-0.1264153911455472,0.42351713645510813,-1.040593581339985,-0.369293313991768
0.05459295967611858,1.2107537957518006,0.47719144020995496,0.3510910572848445,0.9315565784740084,0.11797770030498217,0.9864875512932174,-0.20014292623276356
0.6585583153722777,0.8441040914767031,0.6401685693460362,0.3005704878561576,0.6514021068055059,-0.3148698342410297,-0.9072728491488624,1.406785757477779
0.3565756375241982,-0.4225039778372707,0.23272574650583308,-0.3660427555982318,-0.3086846292399303,0.5126328053322287,0.20777327463143422,2.2525376962728014
-0.247389718171961,-1.155803386387466,-0.9896027220147763,-1.2543087871429295,-0.8613039745057621,-1.295142191889351,-0.10128842272071328,-1.045894865027786
-0.5493723960200406,1.7440624565155791,1.2920770858903612,0.8553230377757274,-0.3307540066851501,1.5947516416972587,0.510774938702167,-0.7921692833892792
1.2625236710684369,-0.055854273562173,1.1290999567542799,0.19526399608048076,-0.03622973365312116,-0.45490874247650437,-0.6618415012515688,-0.9613196711482836
-0.5493723960200406,-0.5558311430282152,0.6401685693460362,1.743589069320425,0.45886852047342114,0.21982417902169143,0.707726020348143,-0.369293313991768
-1.1533377517161998,-0.5558311430282152,0.9661228276181987,0.05745560551185784,-0.40449899782637666,-0.5185627916744473,0.7986265195693629,2.4216880840318056
0.9605409932203574,0.24413184811745234,-0.3376942054704513,2.1877220850927737,-0.2751467864627155,0.8309030513219434,-0.11643850592424994,0.8147594003212633
-1.1533377517161998,-0.955812638601049,-0.9896027220147763,-0.477076009541319,-0.6421544399307838,-0.4167163129577385,0.1653530416615316,-0.9613196711482836
0.3565756375241982,0.7107769262857584,0.47719144020995496,0.2416687609374174,0.5565844632514735,1.6584056908952016,-0.8709126494603745,1.1530601758392722
-1.1533377517161998,-1.0224762211965213,-0.3376942054704513,0.30015676806029135,0.6701759573186726,1.0091343890761835,-0.2921794710852749,-0.707594089509777
-0.247389718171961,0.5774497610948138,-1.47853410942302,-0.146694287819768,0.5158160918173613,-0.8113714179849845,-0.228549121630421,-0.9613196711482836
0.3565756375241982,-0.8891490560055767,-0.011739947198288803,0.41119002200337856,-0.576259864332152,0.729056572605235,-0.32550965413305555,-0.5384437017507725
-0.5493723960200406,-0.5224993517304791,-1.315556980286939,-0.25500950165514463,0.16971097531676127,-0.37852388343897264,-0.15582872225344524,-0.9613196711482836
-0.8513550738681201,0.2774636394151885,-0.9896027220147763,-0.6991425174274934,0.22531819553919588,-0.42944712279732683,0.6501557041747038,-1.045894865027786
-0.5493723960200406,-0.08918606485990915,-0.0002479667455712646,-0.018867087211104062,-0.026368681873113736,-1.5752200083602999,1.0743580338737297,3.267440022826828
-0.5493723960200406,0.010809309033299299,-1.6415112385591013,1.5215225614342505,0.09186086700535284,0.5380944250114061,1.0258777676224125,-0.45386850787127025
0.05459295967611858,0.010809309033299299,-0.3376942054704513,-0.05986602751477123,0.05780528574672031,0.38532470693634274,-0.2527892547560796,-0.369293313991768
-1.1533377517161998,-0.955812638601049,-0.9896027220147763,-0.3897936444565242,-0.6458557823601397,0.42351713645510813,-0.6497214346887396,-0.707594089509777
-1.1533377517161998,0.24413184811745234,3.084825506387255,1.8546223232635122,-0.2195395662402809,4.471914665444279,-0.48004050280912924,-0.6230188956302747
1.8664890267645962,-1.5557848819602997,0.8031456984821175,-0.19027937494877928,-1.1483169652364758,0.16890093966333636,-0.6497214346887396,0.3918834309237521
-0.8513550738681201,-1.422457716769355,-0.9896027220147763,1.4104893074911633,-1.1314979778882082,1.4674435433013728,0.6077354712048015,-0.8767444772687815
0.3565756375241982,-0.02252248226443685,-0.011739947198288803,-0.6991425174274934,-0.4197255590410454,-0.7349865589474532,-0.7042617342214715,-0.28471812011226577
-0.8513550738681201,0.7107769262857584,0.9661228276181987,-0.6991425174274934,1.7823203617673644,1.3274046350658981,1.8136820942063179,-0.9613196711482836
-1.1533377517161998,0.5774497610948138,-0.8266255928786951,-1.3653420410860166,0.6701759573186726,-1.2569497623705852,-0.8194023665683501,-1.045894865027786
1.8664890267645962,-1.0558080124942575,1.0476113921862393,0.30015676806029135,-0.7536773472664626,0.37259389709675395,1.0531479173887783,1.9142369207547925
-0.8513550738681201,-0.8224854734101045,-0.6636484637426138,-1.143275533199842,-0.753368880375653,-1.7534513461145405,-0.5406408356232758,-1.045894865027786
0.05459295967611858,-0.7558218908146321,-0.3376942054704513,0.9663562917188145,-0.4198983123121432,0.1052468904653934,-1.0072633982922041,-0.03099253847375907
-0.5493723960200406,-1.5557848819602997,-0.6636484637426138,-0.5881092634844062,-1.0536478695768,-0.2894082145618526,-0.32550965413305555,-0.03099253847375907
0.3565756375241982,0.5107861784993415,2.9218483772511736,0.6479717545870695,0.33381415192084557,2.142176464799568,-0.7588020337542034,0.30730823704424987
0.6585583153722777,0.8774358827744392,-0.011739947198288803,0.6332565298895529,0.732436610927488,0.20709336918210267,0.4532046225287276,1.406785757477779
1.2625236710684369,-0.055854273562173,0.008397979659851364,-0.01098453891189814,-0.002775911009446449,-0.2512157850430867,-0.8921227659453258,0.3918834309237521
0.6585583153722777,-0.7891536821123682,-1.1525798511508576,0.41119002200337856,0.44774707642893424,0.2580166085404568,-0.14370865569061592,0.8147594003212633
-0.5493723960200406,-1.2891305515784106,-0.5821598991745732,-0.14397624771205741,-0.9313119850874437,0.614479284048937,0.4592646558101423,-0.7921692833892792
-0.8513550738681201,-0.1891814387531176,-0.17471707633437006,-0.14397624771205741,-0.10264639426753842,-0.5822168408723902,-0.828492416490472,-1.045894865027786
-0.8513550738681201,-0.722490099516896,0.15123718193779245,-1.9205083108014527,-1.1537408659771822,-1.5879508181998887,-0.9951433317293749,-0.45386850787127025
1.5645063489165165,-0.055854273562173,-0.011739947198288803,-0.8101757713705806,-1.0425264255323128,-1.422450290285237,0.7743863864437043,1.2376353697187745
1.5645063489165165,0.04414110033103545,-0.17471707633437006,1.6325558153773376,-0.61991155184181,0.1434393199841597,-0.3133895875702262,0.5610338186827566
0.9605409932203574,2.177375743386149,-1.8044883676951826,0.41119002200337856,2.694278773415292,0.24528579870086806,1.0561779340294857,0.05358265540574317
-0.247389718171961,0.04414110033103545,2.269939860706849,0.6332565298895529,1.0038192786532802,3.224295301164598,1.2197988326276814,-0.9613196711482836
-0.8513550738681201,-0.722490099516896,-0.5006713346065326,-0.03294299376897022,0.5144757406958558,0.0034004117486850487,-0.10128842272071328,0.7301842064417611
2.4704543824607548,-0.9891444298987851,-0.8266255928786951,-2.4756745805168885,1.2040052714540448,-0.5567552211932127,1.3591795981002186,0.8993345942007656
0.3565756375241982,0.3441272220106608,0.6401685693460362,0.1920506880251245,0.2774618681157824,-0.6586016999099216,-0.8830327160232038,3.0137144411883217
2.4704543824607548,-1.2557987602806744,-0.011739947198288803,0.18912351411720418,-0.8620828468340701,-0.2894082145618526,-0.5467008689046905,1.06848498195977
0.05459295967611858,-0.8558172647078406,-1.315556980286939,-1.3653420410860166,-1.1203765338437213,-1.422450290285237,-0.4164101533542753,-0.6230188956302747
0.3565756375241982,0.5774497610948138,-0.6636484637426138,0.6332565298895529,-0.1083251257954117,-0.42944712279732683,-0.2012789718640552,-0.6230188956302747
0.3565756375241982,-0.1891814387531176,0.15123718193779245,-0.013626725589011922,-0.10674689873119517,-0.8113714179849845,-0.8375824664125938,-0.28471812011226577
0.05459295967611858,-1.2224669689829382,-1.1525798511508576,-0.8101757713705806,-1.1203765338437213,-0.5312936015140356,-0.5194307191383245,-0.45386850787127025
0.05459295967611858,-0.35584039524179834,-0.011739947198288803,1.9656555772065993,0.6368116251852118,0.6526717135677033,2.7651073193884184,1.9142369207547925
0.9605409932203574,0.9440994653699115,-0.5006713346065326,1.4104893074911633,2.138206571190946,0.34713227741757735,0.7289361368330943,0.7301842064417611
0.3565756375241982,0.7441087175834946,0.8031456984821175,-0.3660427555982318,1.5042842606551916,0.0034004117486850487,-0.07704828959505464,2.083387308513797
-1.1533377517161998,-0.1225178561576453,0.9661228276181987,1.9656555772065993,0.892604838208411,1.76025216961191,0.2229233578349709,-0.20014292623276356
3.980367771701153,1.3774127522404815,-0.011739947198288803,1.2994560535480761,-0.39748267095207157,1.1364424874720693,1.0289077842631198,1.1530601758392722
0.9605409932203574,-0.08918606485990915,0.0010282953679656493,-0.019537739489091287,-0.027442122943078608,-0.8622946573433391,-0.8133423332869354,0.30730823704424987
1.2625236710684369,1.8107260391110513,1.4550542150264425,0.5222232759464658,1.6711059213224952,0.21982417902169143,-0.03159803998444469,2.083387308513797
-0.8513550738681201,-0.8891490560055767,0.8031456984821175,-0.477076009541319,0.3365326359840651,0.38532470693634274,-0.7406219339099593,0.8147594003212633
1.5645063489165165,0.2774636394151885,-0.17471707633437006,0.028369802845752214,0.25279251308091505,0.28347822821963437,0.5289550385464109,0.9839097880802677
-0.8513550738681201,-1.422457716769355,0.6401685693460362,-0.477076009541319,-1.2538338623775644,-0.8368330376641621,0.3198838903376051,-0.9613196711482836
0.05459295967611858,0.11080468292650775,0.6401685693460362,0.14191134256518342,0.10353179287447332,0.041592841267450456,0.17747310822436094,-0.5384437017507725
0.3565756375241982,-1.4891212993648275,0.8031456984821175,1.2994560535480761,-1.1982266421551298,0.48717118565305106,-0.9739332152444236,0.1381578492852454
0.9605409932203574,1.310749169645009,1.1290999567542799,0.4917799512353068,0.9857537260216547,-0.20029254568473256,-0.9466630654780576,1.1530601758392722
0.6585583153722777,-0.9891444298987851,-0.8266255928786951,0.30015676806029135,-0.26402534241822856,0.0034004117486850487,-1.189064396734644,1.06848498195977
-1.1533377517161998,0.8441040914767031,1.0476113921862393,2.7428883548082097,0.8302088195160833,1.3783278744242524,-0.3103595709295189,-0.7921692833892792
-1.1533377517161998,-0.5891629343259513,-0.6636484637426138,-0.6991425174274934,-0.3752397828630977,-0.5312936015140356,-0.07098825631363997,-0.8767444772687815
-0.247389718171961,-0.7558218908146321,-1.47853410942302,-1.143275533199842,-0.7088831041977053,-0.8113714179849845,-0.9799932485258382,-0.7921692833892792
-0.247389718171961,0.1441364742242439,1.2920770858903612,1.2994560535480761,0.9482120584308456,0.9327495300386517,0.6865159038631917,-0.5384437017507725
-0.247389718171961,1.7440624565155791,-1.1525798511508576,-0.8101757713705806,0.49223285260688193,0.11797770030498217,0.3501840567446784,0.22273304316474765
-1.1533377517161998,-1.1891351776852022,-0.3376942054704513,0.30015676806029135,-0.7899380738339944,0.48717118565305106,-0.7254718507064228,-0.707594089509777
0.9605409932203574,-0.6224947256236876,-0.5006713346065326,0.30015676806029135,-0.3685708791341738,0.9072879103594751,-0.4042900867914461,-0.20014292623276356
1.2625236710684369,-1.589116673258036,-0.17471707633437006,1.188422799604989,-1.1203765338437213,0.42351713645510813,0.6895459205038991,0.47645862480325435
-0.247389718171961,0.2774636394151885,-0.6636484637426138,-0.062053769477891464,0.26688095563555275,-1.1296416639746993,-0.49519058601266586,-0.9613196711482836
-1.1533377517161998,-1.4557895080670913,1.2920770858903612,-0.03294299376897022,-1.2204695302441035,0.6272100938885258,-0.1315885891277866,-1.045894865027786
-0.247389718171961,-0.35584039524179834,1.4550542150264425,-1.9205083108014527,-0.7978546565536007,-0.45490874247650437,0.05324242595536039,-0.369293313991768
-0.8513550738681201,-1.0224762211965213,-0.6636484637426138,-0.5881092634844062,-0.7252326374364746,-0.35306226375979555,-0.8648526161789598,-1.045894865027786
-0.5493723960200406,0.6441133436902862,-1.1525798511508576,0.5222232759464658,-0.24178245432925471,-0.8368330376641621,0.6713658206596551,-0.7921692833892792
-0.5493723960200406,-0.7558218908146321,-1.6415112385591013,-1.587408548972191,-0.61991155184181,-0.9386795163808704,0.48350478893580096,-1.045894865027786
2.1684717046126756,0.5441179697970777,0.3142143110738737,0.17584842402848952,0.43719882109558494,0.15617012982374848,-0.1740088220976892,0.1381578492852454
-1.1533377517161998,0.6441133436902862,0.9661228276181987,-0.3660427555982318,0.43741422295313637,0.054323651107039225,-0.1346186057684939,-0.9613196711482836
-0.8513550738681201,-0.9891444298987851,-0.8266255928786951,-0.477076009541319,-1.2093480861996166,-1.5879508181998887,0.013852209626165096,-0.707594089509777
-0.247389718171961,-1.2891305515784106,-1.1525798511508576,0.18912351411720418,-1.4651412992228159,0.2962090380592223,-0.4285302199171046,-0.707594089509777
0.3565756375241982,0.2774636394151885,0.8031456984821175,0.2086763215605141,0.22399749903410943,0.9072879103594751,1.4500800973214383,0.30730823704424987
-0.8513550738681201,-0.8891490560055767,0.15123718193779245,-0.9212090253136678,-0.8534618767760352,-0.7731789884662191,0.5925853880012648,0.22273304316474765
-0.8513550738681201,-1.3224623428761466,-0.6636484637426138,-1.8094750568583653,-0.608790107797323,-1.3715270509268827,-0.18915890530122587,-0.8767444772687815
-1.1533377517161998,0.9774312566676476,1.4550542150264425,1.8546223232635122,0.8377894991367036,1.2892122055471327,-0.3224796374923482,-1.045894865027786
0.9605409932203574,1.9773849955997322,0.9661228276181987,-0.9212090253136678,0.4699899645179081,0.49990199549263986,0.3289739402597271,1.4913609513572812
-0.247389718171961,-1.0891398037919937,0.15123718193779245,-1.4763752950291038,-0.7200045482421923,-0.20029254568473256,0.2229233578349709,0.3918834309237521
0.6585583153722777,-0.2558450213485899,-0.0355128398682953,-0.062465215636207445,-0.15103163551733614,-4.070458736919663,-0.8739426661010818,-0.6230188956302747
-0.5493723960200406,-0.4558357691350068,-0.6636484637426138,-0.2214599086648829,-0.28184343967690595,-0.14936930632637793,-0.9678731819630089,-1.045894865027786
-0.8513550738681201,-1.155803386387466,0.47719144020995496,-0.25500950165514463,-1.309441082599999,0.33440146757798855,-1.1405841304833266,-0.9613196711482836
0.05459295967611858,-0.8891490560055767,-0.6636484637426138,-0.3155161181474808,-0.6059315156465861,0.0034004117486850487,-0.9587831320408869,-0.20014292623276356
0.05459295967611858,-0.2558450213485899,-0.6636484637426138,-0.17809384364337508,-0.1323151993445679,-0.3912546932785614,-1.0648337144656435,-0.7921692833892792
-0.5493723960200406,0.24413184811745234,0.07399789422533057,0.06637641966756512,0.21983166827100145,0.8309030513219434,-0.5254907524197392,0.6456090125622588
-1.1533377517161998,0.8107723001789668,-0.17471707633437006,0.14367450947935842,0.6511478797750405,0.7545181922844116,-0.4345902531985193,-0.45386850787127025
0.3565756375241982,-1.1891351776852022,-0.3376942054704513,-0.14397624771205741,-0.8757047648650091,-0.22575416536390966,-0.3436897539772995,-0.7921692833892792
-0.5493723960200406,-0.1225178561576453,0.6401685693460362,0.0914915110703569,-0.07071897829410333,1.391058684263841,0.6531857208154112,-1.045894865027786
-0.8513550738681201,0.2108000568197162,1.2920770858903612,1.0773895456619018,-0.44196844713001926,0.5762868545301716,1.7561117780328783,0.30730823704424987
-0.8513550738681201,-1.3557941341738828,0.15123718193779245,1.2994560535480761,-1.031404981487826,1.823906218809853,1.8742824270204645,-0.1155677323532613
-1.1533377517161998,1.9107214130042598,1.4550542150264425,-0.25500950165514463,1.3500546031988703,1.5438284023389046,0.6319756043304601,-0.8767444772687815
1.8664890267645962,-0.9224808473033129,-0.011739947198288803,-1.2543087871429295,-0.7344288823994168,-1.1296416639746993,0.3562440900260931,1.9142369207547925
-0.5493723960200406,0.17746826552198006,-1.1525798511508576,-0.5881092634844062,1.3930698202103224,-0.5440244113536244,3.401410813936958,-0.707594089509777
-0.8513550738681201,-0.6558265169214237,0.15123718193779245,-0.11478902018355994,-0.4556173244665516,0.9582111497178293,-0.5588209354675198,0.7301842064417611
0.6585583153722777,-0.48916756043274295,1.2920770858903612,0.13186102182644507,-0.3644285070630847,0.614479284048937,0.7562062865994603,-0.20014292623276356
-1.1533377517161998,-0.9224808473033129,-0.18197852131204512,-0.23401687642874539,-0.6451364019663945,-4.070458736919663,-0.6709315511736909,-0.707594089509777
-0.5493723960200406,-1.2557987602806744,-1.8044883676951826,-0.6991425174274934,-0.8200975446425746,-0.20029254568473256,1.4864402970099262,-1.045894865027786
-0.247389718171961,-1.389125925471619,0.8031456984821175,0.18912351411720418,-0.886826208909496,0.28347822821963437,2.4681656885991003,-0.5384437017507725
0.6585583153722777,0.20455785840177354,-0.3376942054704513,1.2994560535480761,0.3093483754812321,0.8945571005198864,0.7562062865994603,0.6456090125622588
-0.8513550738681201,-0.8224854734101045,-0.17471707633437006,-1.587408548972191,-0.6816143091306286,-1.7534513461145405,-1.0012033650107894,-1.045894865027786
-0.5493723960200406,0.2108000568197162,0.47719144020995496,0.8553230377757274,0.3587755240730389,1.4419819236221953,2.2621245570310022,-0.20014292623276356
0.9605409932203574,1.277417378347273,-1.47853410942302,0.30015676806029135,0.28092541576163044,-0.1875617358451438,0.3350339735411418,0.47645862480325435
-0.5493723960200406,1.2107537957518006,1.4550542150264425,0.5309586807533087,0.902259750074693,-0.04752282760966913,0.9925475845746321,2.7599888595498148
-1.1533377517161998,-0.955812638601049,2.269939860706849,1.0773895456619018,-0.8645833208205221,1.454712733461784,1.6470311789674144,0.1381578492852454
-0.8513550738681201,0.6107815523925499,0.15123718193779245,-0.3660427555982318,0.3365326359840651,-1.0023335655788133,1.0622379673109004,-0.8767444772687815
-1.1533377517161998,0.6441133436902862,0.16199775929105986,0.16924411862471594,0.516193214601249,1.3274046350658981,-0.8254623998497647,-0.369293313991768
0.3565756375241982,-0.7558218908146321,0.15123718193779245,-0.25500950165514463,-0.5400943028958758,-0.37852388343897264,-0.8315224331311792,-0.1155677323532613
1.2625236710684369,1.9773849955997322,-0.3376942054704513,0.7442897838326401,3.839787509997444,-0.23848497520349798,0.4168444228402397,2.2525376962728014
-0.5493723960200406,-1.7891074210444529,-0.17471707633437006,0.30015676806029135,-0.9313119850874437,-0.8877562770225162,-0.8800026993824964,-0.707594089509777
-0.247389718171961,0.2108000568197162,-0.011739947198288803,-0.477076009541319,0.44774707642893424,0.054323651107039225,0.21686332455355622,-0.5384437017507725
-0.8513550738681201,0.9774312566676476,-0.9896027220147763,0.029739126674673395,0.7999582963737648,-0.7477173687870415,-0.9042428325081551,-0.9613196711482836
-0.8513550738681201,-0.1891814387531176,0.47719144020995496,-0.03294299376897022,0.3365326359840651,0.5253636151718174,0.05627244259606772,-0.707594089509777
-0.5493723960200406,0.24413184811745234,0.15123718193779245,-0.3660427555982318,0.614568737096238,0.15617012982374848,0.34412402346326376,-0.707594089509777
0.9605409932203574,-0.2558450213485899,0.3142143110738737,-1.3653420410860166,-0.44196844713001926,-1.0405259950975791,-0.03462805662515202,-0.20014292623276356
1.2625236710684369,-1.2557987602806744,0.15123718193779245,0.18912351411720418,-0.869133997797643,0.8054414316427658,-0.06189820639151799,0.47645862480325435
-0.247389718171961,-0.28917681264632605,-1.8044883676951826,-2.142574818687627,-0.7200045482421923,-0.3148698342410297,0.45017460588802033,-0.707594089509777
-1.1533377517161998,0.17746826552198006,0.6401685693460362,0.8553230377757274,0.6701759573186726,0.550825234850994,0.9895175679339248,-0.8767444772687815
0.6585583153722777,-1.155803386387466,0.6401685693460362,-0.13369182670318558,-0.8445682142064204,-1.116910854135111,-1.192094413375351,-0.1155677323532613
0.05459295967611858,0.11080468292650775,-0.17471707633437006,-1.2543087871429295,-0.30851111859617625,-0.3912546932785614,2.0197232257744155,0.9839097880802677
-1.1533377517161998,1.944053204301996,1.4550542150264425,-0.3660427555982318,-0.6643973280197576,0.5762868545301716,-0.49519058601266586,0.1381578492852454
-0.247389718171961,0.8774358827744392,-0.5006713346065326,-0.477076009541319,0.6643123007981888,0.067054460946628,-0.6709315511736909,-0.9613196711482836
-0.5493723960200406,-0.2558450213485899,-0.3376942054704513,-0.8101757713705806,-0.19788350475308245,-0.4167163129577385,-1.1678542802496927,-0.707594089509777
0.3565756375241982,-0.8224854734101045,0.3142143110738737,-0.25500950165514463,-0.5958170136744101,0.46170956597387447,-0.3012695210073969,1.5759361452367835
-0.5493723960200406,0.24413184811745234,0.9661228276181987,0.23044173137261864,0.1930672849533877,-0.5058319818348586,-0.5860910852338858,-0.5384437017507725
0.05459295967611858,-1.0558080124942575,-0.21196940218485733,-0.2679605566355957,-0.7433704948574417,-0.5058319818348586,0.40169433963670304,-0.20014292623276356
-0.8513550738681201,-0.4225039778372707,-2.7823511425116703,-1.2543087871429295,-0.3307540066851501,-1.1296416639746993,-0.2133990384268845,-0.6230188956302747
-1.1533377517161998,-0.6558265169214237,0.23272574650583308,-0.6991425174274934,-0.5059098555930845,-4.070458736919663,0.2865537072898245,-1.045894865027786
-0.5493723960200406,-0.3225086039440622,0.47719144020995496,2.298755339035861,-0.1083251257954117,0.9454803398782405,-0.9163628990709844,-0.7921692833892792
-1.1533377517161998,-0.48916756043274295,-0.9896027220147763,-0.477076009541319,-0.31222476667841936,-0.7095249392682762,-1.043623597980692,-0.8767444772687815
-0.8513550738681201,1.9773849955997322,-0.6636484637426138,0.07809026017411698,0.3365326359840651,0.2707474183800456,-0.45277035304276325,0.3918834309237521
-0.8513550738681201,0.7107769262857584,1.1290999567542799,0.07809026017411698,2.0047492426571027,-0.23848497520349798,1.2561590323161695,-0.8767444772687815
-0.5493723960200406,1.1774220044540646,0.15123718193779245,0.6332565298895529,3.228108087550664,0.9454803398782405,-1.040593581339985,-0.28471812011226577
0.3565756375241982,-0.3225086039440622,-0.5006713346065326,-0.1623910527616253,-0.1868347078760563,0.7417873824448229,-0.6557814679701542,0.6456090125622588
0.9605409932203574,-0.8224854734101045,0.3142143110738737,0.30015676806029135,-0.6532758839752707,1.1364424874720693,1.1925286828613155,-0.1155677323532613
-1.1533377517161998,-0.4558357691350068,-0.3376942054704513,-1.032242279256755,-0.36078344269482976,-0.5949476507119785,0.9380072850419001,-0.1155677323532613
1.2625236710684369,2.144043952088413,1.4550542150264425,0.6332565298895529,0.8369976179859764,0.3216706577383998,-0.16491877217556722,0.30730823704424987
0.05459295967611858,0.4774543872016054,-0.17471707633437006,0.0725526199481194,0.40325459336726377,-0.09844606696802376,2.134863858121294,-0.9613196711482836
2.1684717046126756,-1.2224669689829382,0.15123718193779245,-0.2377811301361341,-0.8794196956978907,-0.23848497520349798,-0.5376108189825685,0.1381578492852454
1.2625236710684369,-0.055854273562173,0.47719144020995496,0.07557217915649263,-0.01644705366501233,-0.8877562770225162,-0.20733900514546985,2.59083847179081
0.3565756375241982,-0.6224947256236876,2.9218483772511736,0.8553230377757274,-0.4771719568457125,0.9200187201990638,-0.5224607357790318,2.6754136656703125
-0.8513550738681201,-0.7558218908146321,-0.011739947198288803,0.07809026017411698,-1.4651412992228159,0.8436338611615322,-0.19824895522334784,-1.045894865027786
-0.8513550738681201,0.07747289162877159,0.15123718193779245,0.7442897838326401,0.14893221860557,-0.5312936015140356,-1.143614147124034,-0.28471812011226577
1.5645063489165165,-1.6557802558535082,0.47719144020995496,-0.477076009541319,-1.229839988944077,-0.04752282760966913,-0.5982111517967149,0.3918834309237521
-0.247389718171961,1.3440809609427453,-1.6415112385591013,0.9663562917188145,1.1731549683373663,0.6654025234072921,0.5289550385464109,-0.7921692833892792
1.5645063489165165,-2.15575712531955,0.6401685693460362,0.8553230377757274,-1.4952975868733898,0.1052468904653934,-1.1557342136868634,0.6456090125622588
-0.5493723960200406,1.7773942478133153,1.2920770858903612,0.6232873824086971,1.330161187287813,-1.1551032836538768,-0.4588303863241779,-0.9613196711482836
-0.8513550738681201,2.577357238958983,0.3142143110738737,1.5215225614342505,2.032297195060847,1.391058684263841,2.7772273859512477,-0.9613196711482836
0.6585583153722777,-0.5558311430282152,-0.17471707633437006,0.30015676806029135,-0.9090690969984698,-0.14936930632637793,-1.0769537810284728,0.30730823704424987
-1.1533377517161998,-0.48916756043274295,-0.8266255928786951,0.07809026017411698,-0.8423404327315483,0.5890176643697603,0.8471067858206802,-0.707594089509777
-0.5493723960200406,-1.0558080124942575,-0.17471707633437006,-1.3653420410860166,-0.8342523968145718,-0.5949476507119785,-1.189064396734644,-0.9613196711482836
-0.8513550738681201,0.11080468292650775,-1.8044883676951826,1.188422799604989,0.19195386340573511,0.16890093966333636,1.4682601971656823,-0.45386850787127025
0.05459295967611858,0.4107908046061331,-0.011739947198288803,0.08674398349162478,0.34700698242977723,-1.0405259950975791,-0.607301201718837,2.2525376962728014
1.8664890267645962,-0.6891583082191598,1.1290999567542799,0.8553230377757274,-0.44430206328838107,1.7347905499327334,1.995483092648757,0.3918834309237521
0.6585583153722777,1.4440763348359538,-0.3376942054704513,-0.3660427555982318,0.20307530745022204,0.20709336918210267,0.46532468909155694,1.3222105635982768
0.9605409932203574,2.444030073768038,-0.17471707633437006,0.41119002200337856,-0.052717905572977106,-0.8750254671829274,-0.9527230987594723,1.8296617268752902
-0.8513550738681201,-1.389125925471619,0.15123718193779245,-2.03154156474454,-0.9980406493543652,-0.2512157850430867,0.15020295845799495,-0.9613196711482836
2.7724370603088344,-1.5224530906625635,-0.9896027220147763,-0.512916551005677,-1.0698077009150748,0.1052468904653934,-0.9012128158674478,0.6456090125622588
2.1684717046126756,0.44412259590386927,0.11733511280357344,0.11815851314602611,0.36856983820359507,2.5877548091851685,0.30473380713406845,0.5610338186827566
-0.8513550738681201,-0.48916756043274295,-1.8044883676951826,-1.143275533199842,-0.3293268951290316,-0.46763955231609267,-0.8981827992267405,-0.369293313991768
0.05459295967611858,-0.9891444298987851,0.6401685693460362,-0.09729233042394377,-0.7196628064945892,1.3019430153867215,-0.7285018673471302,-0.369293313991768
-0.5493723960200406,-0.3225086039440622,-0.5006713346065326,-0.8101757713705806,-0.23894787113619537,-0.8877562770225162,-0.5164007024976172,-0.7921692833892792
0.3565756375241982,-0.22251323005085374,0.3142143110738737,0.009321666774372494,-0.13632454035183847,-0.09844606696802376,-0.4073201034321533,0.8993345942007656
0.3565756375241982,-1.622448464555772,-0.9896027220147763,-0.5344949462391682,-1.1444521832223673,-0.6586016999099216,-0.6345713514852029,-0.5384437017507725
0.6585583153722777,2.0440485781952042,1.781008473298605,0.7727526585639154,1.5168389529842123,1.1237116776324805,2.980238500878639,0.9839097880802677
-0.8513550738681201,-0.3225086039440622,-0.011739947198288803,0.07809026017411698,0.2920468598061174,0.308939847898811,0.1532329750987023,-0.707594089509777
0.6585583153722777,-0.35584039524179834,-0.6636484637426138,1.0773895456619018,-0.10401114419670147,0.28347822821963437,-0.6588114846108616,-0.7921692833892792
0.05459295967611858,-0.8891490560055767,-0.9896027220147763,0.30015676806029135,-0.5415476230350268,0.43624794629469693,-0.5860910852338858,-0.45386850787127025
0.9605409932203574,-0.4225039778372707,0.6401685693460362,0.18912351411720418,-0.28130988069085705,0.49990199549263986,1.9682129428823913,0.8147594003212633
0.3565756375241982,2.177375743386149,0.3142143110738737,-0.25500950165514463,0.6368116251852118,1.4801743531409617,1.68642139529661,1.6605113391162856
-0.5493723960200406,-0.4558357691350068,-1.6415112385591013,-0.3660427555982318,-0.9646763172209044,0.067054460946628,-0.48307051944983653,-0.9613196711482836
-0.5493723960200406,-1.155803386387466,-0.3126754721473975,-0.6991425174274934,-0.8463862413325515,-0.3912546932785614,0.8955870520719975,-0.707594089509777
-0.247389718171961,-0.8558172647078406,-1.315556980286939,0.5222232759464658,-0.3863612269075847,-0.925948706541282,1.4137198976329504,0.47645862480325435
0.9605409932203574,-0.722490099516896,-0.13854706829203237,-0.18228430141703805,-0.4964774909250024,-0.2512157850430867,0.019912242907579758,-0.1155677323532613
-0.8513550738681201,0.06705341866940821,-0.3376942054704513,0.6332565298895529,0.1547178748037645,0.0034004117486850487,-0.2679393379596163,-0.9613196711482836
-0.5493723960200406,0.11080468292650775,-0.9896027220147763,-1.032242279256755,-0.1083251257954117,0.2325549888612793,-1.179974346812522,-0.20014292623276356
-0.5493723960200406,-0.6558265169214237,1.1290999567542799,0.7442897838326401,-0.3307540066851501,1.7220597400931446,-1.061803697824936,-0.8767444772687815
1.5645063489165165,-0.08918606485990915,0.6401685693460362,0.6332565298895529,-0.003392293229853748,-0.37852388343897264,-0.6497214346887396,-0.369293313991768
-1.1533377517161998,-0.08918606485990915,-0.6636484637426138,-1.2543087871429295,-0.6421544399307838,0.37259389709675395,0.7501462533180456,-0.8767444772687815
-1.1533377517161998,1.944053204301996,-0.5006713346065326,1.0773895456619018,1.5711809699367447,1.276481395707544,4.289205689664204,-0.707594089509777
-0.5493723960200406,-0.7891536821123682,-0.9896027220147763,-1.3653420410860166,-0.3307540066851501,0.34713227741757735,-0.8466725163347159,-0.9613196711482836
0.05459295967611858,1.0774266305608562,-0.011739947198288803,-0.03294299376897022,-0.26402534241822856,-0.08571525712843499,-0.42247018663568997,0.30730823704424987
0.6585583153722777,2.2773711172793574,1.6180313441625238,0.7917039560448383,1.694268243275991,0.4489787561342857,-0.6042711850781296,2.7599888595498148
0.05459295967611858,-0.1891814387531176,-0.011739947198288803,-1.9205083108014527,-0.6977616601532184,-1.2569497623705852,-0.04371810654727401,0.30730823704424987
-1.1533377517161998,-0.15584964745538146,-0.5006713346065326,0.18912351411720418,0.4255041883399604,-0.14936930632637793,0.04718239267394573,-0.9613196711482836
-1.1533377517161998,-1.2557987602806744,0.8031456984821175,0.18912351411720418,-0.2751467864627155,0.792710621803178,-0.7406219339099593,-0.8767444772687815
-0.247389718171961,1.710730665217843,0.8031456984821175,2.0766888311496867,3.506144188662837,0.8181722414823546,5.0285297499967925,-0.707594089509777
-1.1533377517161998,1.9773849955997322,1.2920770858903612,1.6325558153773376,4.006609170664748,1.4419819236221953,-0.7739521169577401,-0.6230188956302747
-0.247389718171961,-0.7558218908146321,-0.8266255928786951,-1.143275533199842,-0.8423404327315483,-1.295142191889351,-0.6012411684374223,-0.6230188956302747
-0.247389718171961,-0.35584039524179834,-1.315556980286939,1.0773895456619018,-0.07435928536248251,-0.23848497520349798,0.24110345767921487,-0.28471812011226577
-1.1533377517161998,-0.5891629343259513,-0.6636484637426138,0.8553230377757274,-0.9535548731764175,0.20709336918210267,0.09869267556597035,-0.9613196711482836
-0.8513550738681201,1.510739917431426,0.15123718193779245,-1.3653420410860166,-0.06383934961746403,-1.091449234455934,-0.09219837279859129,-0.03099253847375907
-0.247389718171961,-0.35584039524179834,-1.1525798511508576,0.18912351411720418,-1.175983754066156,-0.3148698342410297,-0.14370865569061592,-0.9613196711482836
-0.8513550738681201,-0.08918606485990915,-2.2934197551034265,1.9656555772065993,-0.9646763172209044,0.4489787561342857,-0.5982111517967149,-0.707594089509777
0.3565756375241982,-1.1224715950897297,-0.5006713346065326,-0.9212090253136678,-1.4095340790003812,-0.9641411360600479,-0.41035012007286065,-0.28471812011226577
0.05459295967611858,0.8441040914767031,0.15123718193779245,-0.477076009541319,1.593255813011087,0.37259389709675395,-0.2800594045224456,-0.28471812011226577
-0.8513550738681201,-1.155803386387466,-0.3376942054704513,0.5222232759464658,-0.8089761005980876,0.7163257627656463,-0.2315791382711283,-0.7921692833892792
-1.1533377517161998,-0.722490099516896,-0.17471707633437006,-0.3660427555982318,-1.1092550897992344,-0.14936930632637793,0.3623041233075077,-1.045894865027786
-0.8513550738681201,0.010809309033299299,1.4550542150264425,2.409788592978948,0.7813903977635418,2.256753753355866,-0.46186040296488523,-0.20014292623276356
-0.247389718171961,-0.28917681264632605,-2.2934197551034265,-1.8094750568583653,-0.21507886677982713,-1.2187573328518198,-1.0224134814957409,-0.9613196711482836
-1.1533377517161998,0.11080468292650775,1.9439856024346862,0.3813327620966153,0.06400963545840559,-1.206026523012231,-0.6527514513294469,-1.045894865027786
0.05459295967611858,2.244039325981621,3.084825506387255,0.18912351411720418,1.5563146157145342,-0.44217793263691557,0.6137955044862161,0.30730823704424987
0.9605409932203574,1.2440855870495369,-0.5006713346065326,0.17785138470305878,0.985089078089411,-0.20029254568473256,-0.28611943780386023,0.22273304316474765
1.2625236710684369,-0.8891490560055767,-0.011739947198288803,-0.19513543914817755,-0.6249265797304228,0.614479284048937,0.022942259548287085,1.9988121146342945
-1.1533377517161998,0.2108000568197162,-0.3376942054704513,-1.143275533199842,0.3365326359840651,-0.1875617358451438,2.7681373360291257,-0.707594089509777
-1.1533377517161998,0.07747289162877159,-0.17471707633437006,-1.032242279256755,0.020652850599286166,-0.5822168408723902,-0.6769915844551055,0.22273304316474765
-0.5493723960200406,2.5106936563635105,-0.17471707633437006,7.739384782247134,2.5051305868511027,0.34713227741757735,0.29564375721194647,2.4216880840318056
0.05459295967611858,-0.3225086039440622,0.47719144020995496,1.188422799604989,-0.12184420418303532,0.9454803398782405,-0.7315318839878374,0.3918834309237521
-0.8513550738681201,-0.5558311430282152,-1.1525798511508576,-0.3330564067726237,-0.3419358827264137,-0.9768719458996362,-0.8800026993824964,-1.045894865027786
-1.1533377517161998,-0.5891629343259513,0.3142143110738737,-0.06992070814006231,-0.41015999910162426,-1.7279897264353634,0.31685387369689777,-0.5384437017507725
0.05459295967611858,-0.3891721865395345,0.3142143110738737,-1.032242279256755,-0.5531828875748884,-0.45490874247650437,-1.089073847591302,-0.5384437017507725
-0.8513550738681201,-0.35584039524179834,-0.8266255928786951,-1.8094750568583653,0.3587755240730389,-1.015064375418402,-1.0284735147771555,-0.8767444772687815
0.3565756375241982,-0.15584964745538146,1.6180313441625238,0.26360342633052897,-0.12554090816628885,0.2707474183800456,-0.42550020327639726,0.3918834309237521
1.2625236710684369,0.1441364742242439,0.15123718193779245,0.9663562917188145,-0.8312189886870615,-0.7731789884662191,-0.9557531154001796,0.47645862480325435
-0.8513550738681201,0.44412259590386927,-1.47853410942302,-0.1752218122493146,0.4165687165327063,-0.6713325097495103,0.6350056209711674,2.4216880840318056
-0.8513550738681201,-1.389125925471619,-1.3970455448549794,-0.5588051123355243,-0.9577487548947619,-1.6388740575582428,-0.6648715178922762,-1.045894865027786
1.8664890267645962,0.010809309033299299,-0.3376942054704513,-0.06006367570515713,0.05757930312439755,-0.09844606696802376,-0.6648715178922762,0.6456090125622588
-1.1533377517161998,0.5107861784993415,0.9661228276181987,-0.25500950165514463,0.34865737687594905,-0.5949476507119785,-0.746681967191374,2.167962502393299
-0.247389718171961,-1.0558080124942575,0.47719144020995496,-0.1412726789062232,-0.7641048716959932,1.3655970645846645,0.24716349096062953,-1.045894865027786
-0.8513550738681201,-1.2224669689829382,-0.5006713346065326,-0.03294299376897022,-0.8336464575544229,-0.6840633195890986,-0.3830799703064948,-0.20014292623276356
-0.8513550738681201,0.2108000568197162,-1.967465496831264,1.743589069320425,0.49223285260688193,1.0855192481137153,0.410784389558825,-0.7921692833892792
-1.1533377517161998,-0.055854273562173,0.15123718193779245,-1.2543087871429295,-0.9646763172209044,-0.1875617358451438,-0.5830610685931784,-0.6230188956302747
-0.8513550738681201,2.4773618650657743,0.3142143110738737,0.7442897838326401,1.1039122750536625,0.5762868545301716,1.204648749424145,-0.369293313991768
-0.5493723960200406,-0.48916756043274295,0.15123718193779245,0.07809026017411698,-0.5531828875748884,0.20709336918210267,-0.22248908834900633,-0.8767444772687815
0.05459295967611858,0.24413184811745234,1.1290999567542799,-1.032242279256755,1.3374625999878877,0.3980555167759315,-0.746681967191374,-0.8767444772687815
-1.1533377517161998,1.9107214130042598,-1.8044883676951826,0.7442897838326401,0.10298231104983976,0.7417873824448229,-0.06795823967293266,-0.9613196711482836
-0.8513550738681201,-0.3225086039440622,0.6401685693460362,1.743589069320425,-0.19729667815130705,0.3598630872571652,-0.7891022001612767,-0.7921692833892792
0.3565756375241982,1.3440809609427453,2.5958941189790115,0.7687921088272156,0.9667104710472343,0.729056572605235,-0.9890832984479602,1.5759361452367835
-0.247389718171961,1.6440670826223707,-0.011739947198288803,0.41119002200337856,-0.1639323460178463,0.16890093966333636,-0.8436424996940085,-0.7921692833892792
-0.247389718171961,1.3774127522404815,-0.17471707633437006,-1.2543087871429295,-0.49757566735245384,-0.04752282760966913,-0.6345713514852029,-0.45386850787127025
0.05459295967611858,1.710730665217843,-0.17471707633437006,-1.6984418029152781,0.20307530745022204,-0.2894082145618526,-0.35277980389942154,-0.03099253847375907
0.9605409932203574,-0.6558265169214237,0.15123718193779245,1.188422799604989,-0.49757566735245384,0.6654025234072921,-0.828492416490472,0.9839097880802677
0.6585583153722777,-0.5891629343259513,0.15123718193779245,-1.2543087871429295,0.069617978916379,-0.2639465948826755,0.7410562033959237,0.6456090125622588
0.6585583153722777,1.3440809609427453,-0.8266255928786951,0.13930483873518829,1.0693058661004204,-0.9768719458996362,-0.9072728491488624,1.406785757477779
-0.5493723960200406,-1.1224715950897297,-1.1525798511508576,-0.3660427555982318,-1.4873841873117897,-0.45490874247650437,0.8743769355870462,-0.9613196711482836
1.2625236710684369,-0.3891721865395345,0.3142143110738737,-0.027009524615544858,-0.26115185112801415,-0.5312936015140356,-0.7285018673471302,2.083387308513797
1.5645063489165165,0.7774405088812307,1.2920770858903612,0.5222232759464658,0.16971097531676127,-0.2130233555243209,0.8895270187905828,1.6605113391162856
0.05459295967611858,-0.3891721865395345,-0.5006713346065326,-0.17655671752896446,-0.2363462350256868,-0.009330398090903722,-0.019477973421615537,-0.369293313991768
0.05459295967611858,0.3441272220106608,1.1290999567542799,0.18912351411720418,0.25569110116122357,-0.5058319818348586,-0.17703883873839654,2.506263277911308
-0.5493723960200406,-0.722490099516896,-0.17471707633437006,2.5208218469220354,-1.031404981487826,1.0855192481137153,0.6047054545640942,-0.707594089509777
1.2625236710684369,1.0774266305608562,0.47719144020995496,0.30015676806029135,0.8295079172518295,0.054323651107039225,-0.10431843936142061,0.9839097880802677
-1.1533377517161998,-0.6558265169214237,-0.6636484637426138,1.8546223232635122,-0.7978546565536007,1.0982500579533039,0.05627244259606772,-1.045894865027786
-0.8513550738681201,1.9773849955997322,0.47719144020995496,1.4104893074911633,1.593255813011087,1.0218651989157723,2.3651451228150515,-0.9613196711482836
-0.5493723960200406,-0.3225086039440622,1.1290999567542799,1.4104893074911633,0.11410375509432667,0.8181722414823546,-0.7012317175807642,-0.45386850787127025
0.9605409932203574,0.6774451349880223,-0.9896027220147763,0.41119002200337856,0.44774707642893424,-0.40398550311814974,0.6350056209711674,2.3371128901523037
-0.247389718171961,-0.6558265169214237,-2.2934197551034265,-1.032242279256755,-0.61991155184181,-0.14936930632637793,-0.23460915491183565,-0.6230188956302747
-0.247389718171961,-1.3557941341738828,1.1290999567542799,-1.4763752950291038,-0.9313119850874437,-0.5694860310328015,-0.5194307191383245,-0.9613196711482836
-0.247389718171961,0.6774451349880223,0.6401685693460362,-1.587408548972191,0.37760753358048266,0.054323651107039225,-0.8406124830533012,2.506263277911308
2.1684717046126756,-0.35584039524179834,0.9661228276181987,1.188422799604989,-0.16702220765524164,1.8875602680077959,1.3561495814595115,0.9839097880802677
-0.8513550738681201,-0.8558172647078406,-0.6636484637426138,-0.25500950165514463,-0.6977616601532184,0.15617012982374848,-0.5709410020303491,-1.045894865027786
-0.5493723960200406,2.5106936563635105,-0.17471707633437006,1.743589069320425,4.373616824132816,-0.1875617358451438,-0.9678731819630089,1.6605113391162856
-0.8513550738681201,-1.0558080124942575,-0.8266255928786951,-1.2543087871429295,-1.009162093398852,-0.8750254671829274,2.3954452892221245,-0.707594089509777
0.9605409932203574,1.0107630479653837,1.2920770858903612,1.6325558153773376,0.8514934050251609,2.2949461828746314,-0.42550020327639726,0.22273304316474765
-0.8513550738681201,-0.955812638601049,-1.315556980286939,-2.03154156474454,-0.7632772152645558,-1.206026523012231,-0.1830988720198112,-0.9613196711482836
1.8664890267645962,0.11080468292650775,-0.17471707633437006,-0.3660427555982318,-0.3863612269075847,-0.11117687680761208,-0.8254623998497647,0.6456090125622588
-0.8513550738681201,-0.722490099516896,-0.011739947198288803,-1.9205083108014527,-0.886826208909496,-0.8495638475037504,0.5471351383906549,-0.45386850787127025
0.9605409932203574,-0.5558311430282152,-0.10159826666637346,-0.13957104646305013,-0.37323085920615956,-4.070458736919663,-0.5224607357790318,-0.7921692833892792
0.05459295967611858,-1.2891305515784106,1.1290999567542799,-1.143275533199842,-1.044822630745207,-0.3403314539202068,-0.4861005360905439,0.05358265540574317
1.5645063489165165,-0.5224993517304791,-1.6415112385591013,-0.4154728507634404,-0.3020348755102167,-0.09844606696802376,-0.29520948772598227,0.7301842064417611
-1.1533377517161998,-0.8891490560055767,1.0476113921862393,-0.477076009541319,-1.2649553064220513,0.6908641430864687,-0.6982017009400568,-0.7921692833892792
0.05459295967611858,0.04414110033103545,0.6401685693460362,-1.587408548972191,0.2920468598061174,0.0034004117486850487,-0.10431843936142061,0.05358265540574317
1.5645063489165165,0.7774405088812307,0.6401685693460362,1.8546223232635122,-0.2195395662402809,0.7545181922844116,0.48350478893580096,0.5610338186827566
-0.8513550738681201,0.1441364742242439,-0.9896027220147763,-0.15089952341263374,0.17698488834307893,-0.23848497520349798,-0.3891400035879095,1.1530601758392722
0.6585583153722777,2.4106982824703023,0.47719144020995496,0.6105869589744374,1.8279251114683361,-1.078718424616345,-1.0557436645435214,2.167962502393299
-0.8513550738681201,-0.2558450213485899,-0.5006713346065326,0.7442897838326401,0.5589615168738035,0.7799798119635892,-0.5709410020303491,-1.045894865027786
0.6585583153722777,1.47740812613369,0.15123718193779245,0.34829438449987354,1.139936022489655,-0.6840633195890986,-0.5254907524197392,2.7599888595498148
-1.1533377517161998,-0.7891536821123682,0.8031456984821175,-1.587408548972191,-0.7311259922866792,-0.8622946573433391,-0.5406408356232758,-0.9613196711482836
-0.8513550738681201,0.7441087175834946,0.8031456984821175,1.8546223232635122,0.3365326359840651,1.7984445991306763,-0.43156023655781195,1.06848498195977
0.6585583153722777,0.11080468292650775,0.47719144020995496,0.18912351411720418,0.11467818219226016,-0.5567552211932127,0.2653435908048732,1.3222105635982768
2.7724370603088344,-0.5224993517304791,-0.17471707633437006,-0.1458632505690602,-0.3461994541837973,0.28347822821963437,-0.6860816343772275,1.5759361452367835
0.05459295967611858,-0.7558218908146321,0.3142143110738737,-1.587408548972191,-1.0981336457547475,-1.116910854135111,-0.7709221003170328,-1.045894865027786
-0.8513550738681201,-0.22251323005085374,-0.17471707633437006,0.07809026017411698,-0.5976686637528361,0.33440146757798855,0.1562629917394096,-0.1155677323532613
-1.1533377517161998,0.6107815523925499,-0.5821598991745732,-0.3660427555982318,-0.2195395662402809,1.3528662547450758,-0.14067863904990857,-0.7921692833892792
0.9605409932203574,0.37745901330839693,0.9661228276181987,0.25998220277789214,0.2934728211774459,1.0473268185949498,0.6622757707375331,0.30730823704424987
0.9605409932203574,1.5440717087291622,1.2920770858903612,1.4104893074911633,1.9046562462567207,0.792710621803178,0.9380072850419001,0.5610338186827566
0.6585583153722777,1.0774266305608562,0.15123718193779245,0.30015676806029135,0.481111408562395,-0.3403314539202068,1.095568150358681,0.47645862480325435
-0.8513550738681201,0.010809309033299299,-0.6636484637426138,0.30015676806029135,0.069617978916379,0.3980555167759315,0.6501557041747038,-0.28471812011226577
-0.8513550738681201,-1.6891120471512444,-0.8266255928786951,-0.5187732625156899,-1.1989500904737818,-1.295142191889351,-0.18612888866051852,-0.6230188956302747
-1.1533377517161998,-0.1225178561576453,-0.6636484637426138,-0.6991425174274934,-0.6755187720642446,-4.070458736919663,3.798342993869617,-1.045894865027786
-0.5493723960200406,-1.0891398037919937,1.4550542150264425,0.07809026017411698,-0.8149828895958274,0.1943625593425139,-0.5618509521082271,0.7301842064417611
1.8664890267645962,0.8774358827744392,0.9661228276181987,2.0766888311496867,0.9704549465198195,0.7163257627656463,1.586430846153268,1.4913609513572812
-0.5493723960200406,-1.0558080124942575,0.6401685693460362,-1.6984418029152781,-1.0536478695768,-0.9641411360600479,-0.6921416676586422,-0.7921692833892792
-0.8513550738681201,-1.4891212993648275,-1.315556980286939,0.07809026017411698,-1.0425264255323128,0.16890093966333636,2.3439350063300997,-0.7921692833892792
-1.1533377517161998,0.11080468292650775,-0.3376942054704513,-0.03843296183303446,0.13228360436112777,-0.925948706541282,-0.8224323832090573,-1.045894865027786
-0.8513550738681201,0.4774543872016054,0.15123718193779245,2.298755339035861,0.6034472930517512,0.6908641430864687,-0.23763917155254297,-0.7921692833892792
-0.5493723960200406,-0.3225086039440622,0.23272574650583308,0.30015676806029135,-0.18258960050940057,0.4744403758134632,-0.9981733483700822,-1.045894865027786
-0.8513550738681201,-0.4225039778372707,-0.9896027220147763,-2.3646413265738015,0.3587755240730389,-0.8368330376641621,1.4228099475550724,-1.045894865027786
-0.8513550738681201,1.677398873920107,-0.3376942054704513,2.1877220850927737,4.7739888097343455,1.3274046350658981,0.680455870581777,-0.45386850787127025
-0.5493723960200406,-0.4558357691350068,-0.8266255928786951,0.30015676806029135,-1.0425264255323128,-0.8622946573433391,-1.0587736811842288,-1.045894865027786
0.05459295967611858,-0.6224947256236876,-0.9896027220147763,0.41119002200337856,0.4699899645179081,-1.015064375418402,1.4803802637285115,-0.03099253847375907
1.8664890267645962,1.5440717087291622,0.15123718193779245,0.36310385918148386,1.1901836547987628,0.7672490021240004,0.18050312486506825,0.05358265540574317
-1.1533377517161998,-0.35584039524179834,-0.5821598991745732,-0.18403534266958949,-0.20866027088769346,-0.9386795163808704,0.5531951716720696,-0.20014292623276356
-0.8513550738681201,-0.5224993517304791,-0.17471707633437006,-0.14397624771205741,-0.1639323460178463,0.28347822821963437,-1.0163534482143262,-0.9613196711482836
-1.1533377517161998,-0.6558265169214237,1.1290999567542799,-1.3653420410860166,-0.49757566735245384,-0.3403314539202068,0.6592457540968257,-0.5384437017507725
0.3565756375241982,-0.2558450213485899,0.15123718193779245,-0.02730844294900939,-0.15570510078352034,-0.900487086862105,0.807716569491485,1.9988121146342945
-0.8513550738681201,-0.28917681264632605,-0.6636484637426138,0.6332565298895529,-0.09065775291216477,0.20709336918210267,0.19868322470931224,-1.045894865027786
1.2625236710684369,2.2107075346838854,0.47719144020995496,0.5671860148605087,1.6783569918497059,2.0275991762432706,-1.0315035314178629,0.8147594003212633
-0.5493723960200406,0.4107908046061331,-0.17471707633437006,0.05715165399086854,0.3523306748281165,-0.3912546932785614,0.19565320806860492,-0.8767444772687815
0.05459295967611858,-1.5224530906625635,-0.8266255928786951,-0.48263245283857087,-1.0743404541352846,0.2580166085404568,-0.26187930467820164,-0.707594089509777
-0.8513550738681201,-0.8224854734101045,-0.17471707633437006,1.188422799604989,-0.45788934439210616,0.7799798119635892,-0.7860721835205694,-0.28471812011226577
1.8664890267645962,-0.35584039524179834,-0.17471707633437006,-0.25500950165514463,-0.23342513435962675,-0.5694860310328015,-1.0193834648550335,0.5610338186827566
0.05459295967611858,0.7441087175834946,-1.1525798511508576,-0.14397624771205741,-0.1083251257954117,-0.3148698342410297,-0.5770010353117638,0.30730823704424987
